72280542,4220250
72542083,4225916
35817250,4417
21412375,1959
23446250,6333
29809666,2292
26902792,2625
27219041,6375
26842791,2042
45112916,2375
23144250,8208
18600750,6500
25192375,7500
24486916,8000
16410625,6709
21168541,4084
41123792,6875
30273292,3042
22902583,2458
30911333,3333
20150958,4541
51016292,2458
31756833,6708
28019458,7084
36406125,2750
42517042,6459
68220958,5500
30735333,9750
36537000,2208
51033833,2291
56578083,6625
58532375,3750
74906208,3667
57987750,9084
90657625,8417
47236792,3875
30881917,3458
110771250,11625
50337583,2250
95956750,7584
43620959,2291
24334792,2708
24118208,17667
26582125,3625
19334292,3000
31835541,2167
86386042,3958
17622417,2292
143316917,3458
19271084,4458
112699583,6000
124566375,2583
28751458,6583
13605708,2750
94571500,6000
20362167,6750
37019417,2000
34524583,2167
11771166,2125
23878250,3375
102165708,7625
17074250,6875
53688875,6875
18321375,2500
12246417,4542
32295042,2834
27277333,2041
16734875,6208
90103042,5958
35669709,2750
70265750,6167
28073875,2542
33559666,1833
58375917,2125
23532208,7042
19299708,2834
36177708,4167
38041042,4791
35313500,2750
22563709,8167
19671459,1958
8984375,1875
32105000,3542
17911750,1708
15331042,1625
29002917,2125
27478333,1958
26047083,1625
31356042,1958
25809750,2042
41089042,2208
42658542,2209
20011958,2458
19302750,2375
30448209,2333
20181208,2250
32037833,1834
31984334,6291
43218042,2209
44142791,1833
17319250,5667
33576125,3333
35696000,2000
38176291,2541
32043416,2375
33841625,6334
39031333,2375
42627292,3208
67535292,2208
29077916,2458
27228125,2333
53824417,10250
35910250,1875
16697916,1875
67463959,6333
24463500,1750
20628500,3083
59044125,5500
69821375,7833
64191500,1875
65776250,1458
20131500,4709
17030625,1416
24266208,2666
87723958,3500
96213750,4792
67795333,5792
65265916,2416
15082833,1542
55425417,2167
18662459,4500
65800834,1542
20151750,1166
81729458,2292
48776417,1459
27081375,1000
20703209,1333
48433084,2500
29262125,1375
43619125,4083
70499375,21333
12316000,3500
22291250,3834
66681250,1416
47528125,875
50610917,1375
34377958,4125
51508625,917
29089709,2750
63258000,1292
12355042,3667
34426709,4375
50984958,1500
24880958,1209
13848083,42167
60304709,1166
49748458,23209
19868542,1792
17697917,2083
53066250,1667
35810292,7334
57765833,3583
13990083,3000
39483792,3416
72314333,1625
72259959,3125
56703667,2833
78687416,3583
68510625,1584
34562875,1250
17759541,2458
74882166,2958
18853125,1125
23062000,15292
24217166,3500
23534834,750
14936167,917
25927375,708
55453334,4208
47017000,1000
52284833,1375
112661416,2542
22737709,1708
79884875,1750
23586875,2292
19775625,1000
101878167,2667
82027083,4500
27556000,709
19841334,1500
87069958,958
11646250,3292
27733375,1000
36924458,1291
46301959,3042
15752667,1958
44056500,1959
74739333,2083
102269375,1375
103917791,1542
24526292,667
25766417,17458
83534916,709
68254458,2625
44898791,1750
92082792,750
76573458,1000
117356500,1000
30511709,959
28007542,333
42635833,1958
86486875,1208
120695208,1542
42454542,541
54665708,4375
36953875,1500
22707167,375
141478666,1083
15466833,917
64084459,3042
29765875,458
101011917,3542
75668500,1209
33385000,250
50405083,958
52385625,2000
23402208,584
15341208,541
26261167,875
28937666,5292
13543541,625
39959542,2000
25148708,416
100346708,2458
47804458,333
64881833,291
48910625,708
30372583,334
79165250,3500
17607542,708
24269917,416
52544166,1709
93670042,667
16075500,875
11570500,1833
62160792,1375
30394875,1791
32460000,334
61026541,292
22712916,208
236372625,1084
105496209,333
33771500,417
14989708,708
54748625,750
16550750,583
75195542,750
86030708,1958
110009583,666
56236417,1708
92417833,334
68129708,542
138363667,792
12405875,1041
118482667,375
89107792,833
25599417,1042
10807500,416
95857125,291
14551000,375
40089583,708
96405209,792
41685500,542
48747917,750
84946750,542
10735958,833
21921750,416
40194625,1750
35527708,458
24256750,625
92402875,208
87200083,958
22032292,375
83413250,625
123579458,1708
55565125,500
22702375,208
23488792,333
59358958,500
58390375,291
42488166,917
41448125,417
31956042,167
117957000,3167
74482375,375
59041459,250
63975417,666
45006542,625
80113834,1750
68759875,208
51872708,125
32417167,1667
71275833,208
72369542,917
69661208,500
57892167,791
53297041,500
57649417,250
68809875,541
16240041,667
66076958,1833
77348292,250
63221584,333
32850333,750
106258916,334
21270750,1458
130798375,250
44175916,958
28351625,708
12440875,500
73997542,375
68398708,1417
87365250,625
81317750,458
23232083,1667
29954208,792
67859750,750
112514292,250
39619125,2416
63110500,2375
95448000,458
61643917,792
18236000,1500
61914541,3167
51915875,750
20489458,333
89394417,2042
62464166,1333
45312750,709
71146584,2167
120058458,500
25170000,250
25271208,417
27643750,333
36201000,250
24214875,500
15999750,375
15636792,1208
90451333,1667
107121791,417
12764250,708
75266334,458
44122750,292
28690625,709
58728334,417
88889667,917
32128375,1833
14601750,333
24844333,292
12326833,542
52219375,208
31855084,292
63597125,250
87489208,875
55989042,333
69426917,500
83830292,125
40402625,459
70393625,208
57477208,417
88134875,333
43860875,750
25464500,500
47357875,209
38687667,625
88585083,542
41289083,542
34311209,250
17507375,1042
53794167,500
95470833,250
62903125,250
51839583,416
16761083,500
37067000,2000
14240333,375
47884875,292
92558625,2083
105377834,1833
37933292,958
115960250,292
70770458,375
19585958,750
23184875,1583
16399208,542
57779333,1125
28889667,1000
42424417,500
66144292,1458
50890208,667
66144125,1167
72269584,1333
13461583,1917
67762750,458
57751750,1958
22368667,625
28004417,667
32579083,1000
32767333,1375
117970583,250
125986667,291
29193458,584
101563042,541
80303250,291
12674458,542
49722708,667
53987625,1375
107475625,250
22962583,792
105899125,500
99716000,375
31392541,541
65629042,1375
23792708,584
22093417,334
13172917,666
56036625,1625
35608333,500
147330333,3041
38200292,875
81427916,958
72575125,2000
123927750,541
22890209,416
26424666,1959
166990958,1250
61614916,1000
184281917,333
96631000,792
18310542,1833
28216334,375
37960208,625
142656084,292
85019541,708
47132625,459
55451958,2500
137684833,791
35629458,375
60618625,833
20739083,583
18502958,209
105374792,1291
43165542,2000
79104334,459
33969875,209
95151083,250
47403292,417
25729709,250
16174833,2041
44478833,250
48714000,584
81691542,875
60381375,375
112718292,542
73366625,291
20919917,375
25753625,417
67923000,1458
48198584,1584
20740042,1833
41057875,333
66164666,167
56021125,4542
56437541,1250
57859958,292
85591125,250
29737167,2459
64656209,709
26410542,625
95846041,292
49964459,208
44143625,333
60766416,542
76194959,584
18479666,417
45124500,292
51457041,667
65459333,500
36083750,375
85394041,167
103457292,209
36607708,333
83701000,500
18844167,209
35454625,417
71457209,333
35601416,708
30751959,166
29734375,333
36308958,375
56280916,500
34650959,209
64077416,334
76215500,292
76860750,500
20264542,208
37426333,250
24627208,375
51532166,250
54114291,416
18791333,167
56183458,166
53270291,166
54401083,292
27395708,167
31459208,292
21015792,417
60172750,667
16903625,375
97164458,458
20182792,250
20376000,208
69538584,167
58869542,167
79797208,166
71754250,125
91538000,208
57883792,2250
101432125,291
97112125,250
20016209,250
88872291,209
52297917,2166
83581542,333
35805667,958
102564500,1750
101778834,250
63706084,1709
73423292,1459
75334208,417
13354167,2167
12405167,333
64881500,333
83690667,209
27004958,167
102852958,208
25123417,167
95110042,375
97844416,292
29338167,167
113533333,125
60145500,209
42876208,333
66032916,875
17618917,459
24836042,250
53183625,208
57505209,459
67481750,1875
83065084,375
59340042,292
67755500,708
106439125,583
71503458,875
20942917,417
37654083,2292
45662625,209
31607416,1792
57164875,292
71949917,417
36740417,625
35684166,542
16053792,292
70125875,458
21608625,208
28805292,666
46500750,333
72881292,417
42620666,2208
55997917,167
57218292,625
50423542,542
91961166,250
75647458,292
131679959,208
126473125,291
30187833,500
89344417,4333
34129166,333
50176875,208
34083500,292
34009584,291
38877375,1708
18683416,458
64086000,417
19120208,333
44837250,583
19693125,334
45411834,250
62373416,375
28338750,375
90960958,458
28672750,1583
56999959,708
84241541,208
69810875,209
40977250,167
46702292,291
25779541,1959
36875917,708
25168542,375
56746875,291
123812750,250
99307667,417
76413084,417
45648333,625
61855041,209
93946500,250
77304792,375
102443625,250
73649333,250
46509166,500
26647792,1833
21023584,334
25028667,250
17471709,417
18022250,250
16660500,333
60294458,208
50890375,292
54774375,1375
94766125,250
32974250,667
65860041,917
56290625,417
78310208,500
50872000,208
88843250,2083
35229417,250
45674208,625
82932916,667
48003666,667
24149750,250
46004625,291
67177125,375
78370334,583
52542250,250
70906291,1792
39175125,833
74127292,334
18328958,250
61644417,292
23591625,417
11489583,958
28876917,166
59156417,292
36624625,166
37114250,208
39264375,708
39342917,167
32664209,500
29916416,375
35075500,2000
47577000,125
71860375,375
50142541,166
18520417,500
45213333,333
53836458,125
10781667,250
86391667,209
54972125,250
43971959,1708
12347084,250
73660333,125
75026500,167
39226250,375
63292333,333
62874917,250
20394250,375
25365041,292
18801417,625
28864542,541
38722292,542
92293333,125
45166958,375
71046833,458
12398583,416
64767625,250
49191875,334
29537750,416
67078292,208
69107583,208
143575958,500
84742250,458
34552791,1083
61990875,166
11246458,417
29910833,125
74555000,1291
15306916,375
153873667,333
75869417,208
39932292,333
49210583,250
86171000,208
40082334,209
66524708,334
13605917,375
20459833,333
78588291,209
41309917,167
60194875,250
55806459,375
26716333,417
60546375,417
20090875,291
124847916,958
18604375,166
59526875,209
54875833,333
56737834,250
64087250,375
62288750,459
41136791,167
44048084,209
41841334,125
63517666,208
37313584,292
39168334,1208
62767792,250
50574791,125
25335583,125
34480500,167
48689708,250
34557542,459
49153542,375
12976916,208
69412750,1709
23656084,292
64478000,83
67621958,375
38597875,292
52191791,167
30593042,250
24897291,208
77090084,458
48503583,1583
68336583,167
73030958,125
23295583,625
10963917,500
51440875,625
19896875,375
63487292,291
47083041,291
71537916,583
48123125,417
57529667,833
54251333,208
56278625,208
50507833,167
66322083,417
24434667,208
73163417,375
28683417,709
33512000,250
26301084,292
50160792,625
19882750,209
16734792,292
47180125,417
70022917,250
57466792,166
35340625,1459
34242000,458
23801916,291
45250667,333
24200334,166
51699500,1792
27084959,334
71869000,125
39925375,333
37341708,375
87009375,458
22960833,250
54928750,542
50763708,291
82275875,333
37656125,291
21877709,167
19893208,333
39472042,167
17914708,166
31186083,333
49238625,208
53776042,166
56611542,208
32812250,208
27781500,291
63680084,500
44359292,292
32925500,208
45830959,167
43178875,167
62769667,125
93781042,2167
55013500,83
19674375,750
61384709,167
39846167,208
54383083,167
43321500,333
50985083,208
26431041,541
47640542,1916
17385667,500
79876666,333
61548916,334
58022833,208
30932250,292
61974916,583
46620042,167
38735875,166
49549709,708
28716375,625
65736708,1166
43320166,708
56101042,1167
34550791,250
73827291,291
36598917,375
56538083,208
60260917,208
42022000,375
31949250,250
54855208,250
33989500,1750
45744583,333
8993084,1875
35332708,375
58176542,125
67488958,167
67260917,1750
54129875,250
31727083,334
40982666,125
23567666,375
43402958,250
35997458,209
44624833,250
43597583,1083
59737958,583
25647875,416
53046000,333
42108750,125
43112167,2042
37662708,167
66042542,458
39589459,459
32503916,959
67061584,209
63937041,208
54925042,333
57068833,500
36583834,458
23594750,250
32644167,250
38014667,334
38283250,125
27795917,167
56869416,417
55302667,1583
49686292,166
32886834,125
45273917,291
33448583,1875
61736875,292
79041625,500
70499666,416
58403250,208
26743875,1125
42105584,333
23038625,2209
67250417,333
67976583,250
76069833,250
51924333,583
33817000,2500
25895875,375
65443292,292
19635167,667
51097708,1875
60832125,209
69997417,250
67184875,458
144411958,333
24290250,167
135073291,208
44829542,1666
49761542,375
45409667,500
72011708,458
14926917,667
39917917,2833
36192750,750
74177833,583
49689917,583
65851375,833
33144083,625
50816333,1167
52358750,875
37669834,2125
54534291,500
21226792,583
84464875,542
65915750,792
27702667,459
28096334,209
30271625,2000
27728208,1666
66062959,541
26352958,1375
37850709,500
9642292,3541
30041500,2541
39210459,2709
87427333,500
76224208,1958
76496042,333
73277834,1709
22448333,583
51581416,250
97725542,2250
58197209,500
52140292,2375
63685625,500
67966209,458
64600042,792
39369792,541
33926167,250
52679042,500
47486125,459
40533958,333
32900709,291
64949708,833
31799292,417
45993625,250
40494875,500
61982583,334
48721084,167
78701625,625
72795917,667
39216791,459
74661250,625
38529208,667
61603416,292
63293333,166
39755250,250
53199250,166
51348250,250
24344583,2000
42918208,458
57439500,375
29716542,333
11030916,250
42444375,417
78000084,166
49852958,375
36467542,584
15035625,292
45007875,500
41692792,417
11321666,1833
50604250,208
64629750,334
46426125,291
66936500,250
14767583,625
30724625,2042
50540833,167
63453916,375
81653833,333
22123084,208
54128166,250
61676208,375
59895250,334
65089583,167
55386625,292
60646958,292
46707167,500
82868250,250
72808375,250
73034417,375
19932167,167
33419792,291
87311334,250
48355541,167
82267125,208
34067583,375
72856291,250
104912458,291
71535625,333
50032875,666
86021708,208
18521375,167
40943375,250
29820958,333
54628083,375
49966917,167
9482625,542
28101459,208
79772583,500
61545917,375
66119625,2542
74780583,333
65293208,1833
11742042,250
42627167,333
52205417,208
65560666,208
49830209,292
28934792,375
21113625,667
61349500,250
65322709,3750
21184292,250
57363041,125
12155916,375
60562375,375
69037833,375
34229334,291
53676625,250
72128208,208
56396083,375
65901291,334
45405291,666
71670208,250
18428041,375
93015750,875
128423250,333
48176584,458
36497500,500
72364667,375
102192334,500
39022167,458
57734125,1958
54793458,334
80742167,375
61655875,333
32233000,208
78306875,333
63752416,208
25014500,167
72124334,250
27095750,250
36461042,250
39715750,125
58128417,291
55728250,250
59324292,250
49030792,333
58436542,167
54401459,208
52051167,625
69213750,209
13588625,541
12744459,333
103588000,750
21864250,2292
28901750,208
83760542,1167
46973500,291
73379250,209
117402208,375
73263584,208
37017417,208
48567334,375
128148416,208
62416709,542
81332500,292
53705542,292
33106208,583
10238459,208
24660500,250
15653584,208
68655667,500
65586083,250
63771250,375
64357042,541
39299917,2167
39219875,542
25597667,1917
24521333,500
41719834,167
15600000,333
48089166,1458
33693750,583
42507334,250
37512375,209
74008708,291
35571333,459
81454708,209
27748458,291
66978042,667
53590125,375
76292042,250
54065291,542
52381292,333
48618500,250
44033500,208
61410791,291
71417500,583
28722083,146708
43285083,625
26758333,833
19259041,708
35265541,113208
40796250,250
50954458,417
18767333,458
24136542,666
27189709,459
35957000,1083
32074917,500
38957000,500
53544125,1084
19061666,542
20360083,583
48888917,625
36362458,584
40554541,1917
59369666,875
56997375,959
42003291,458
58065542,1666
39087625,500
43098625,917
17520750,3833
48212666,541
15707417,16958
46705291,1500
63214917,917
34065291,1000
37893792,1000
15183500,1667
34673583,2500
33124917,833
42966042,750
55590625,542
55626000,667
56568250,500
68997083,625
14547000,416
64983292,1250
28771042,500
37853792,1500
66055542,3667
53916209,1042
47855042,26916
46633250,750
43128666,458
41430833,541
41877708,375
31358333,583
36610208,1541
65145584,12625
50023667,625
59442208,667
43984541,750
36291042,6708
56424542,333
28091166,875
57264959,459
61185584,625
50085375,625
53298792,708
43289125,584
60858625,833
19069291,2917
68137042,417
43886333,542
51119666,625
52650750,667
49844291,1042
39883916,708
25233500,2750
49011459,3292
74549792,2500
32204500,875
17924875,791
60500375,542
21879375,333
34116334,667
45215458,375
62586209,958
52100875,1333
52689917,500
57927875,3250
89537875,1833
41086625,1208
24192625,542
86046167,625
42825625,500
43512334,583
18364541,500
60347875,958
24421000,375
17885250,250
31167708,667
76812208,1500
63557125,3666
49310000,13084
62092083,583
50003292,333
68450792,750
30035625,416
31580042,209
35479334,250
38586416,583
44116833,542
36499875,291
24968583,1334
33832333,2166
46012500,209
80371666,667
24814375,500
77272792,7250
42553875,708
82985667,10416
11589166,541
38821125,459
63168583,167
45497667,708
76239584,625
31787542,2625
34281666,458
43199042,750
92462000,2375
32251208,667
42027375,1333
68183750,500
43042208,417
72048542,333
69301291,250
47618417,2084
26839792,334
45055042,1625
15156541,417
65007000,459
46146375,333
29249750,1166
63307334,500
56560666,2334
15728750,333
56789709,250
59062334,1000
46322750,917
41573458,2417
34602583,250
63444625,1291
57851125,792
50088458,292
50053833,291
53079000,209
73005875,2834
36269000,459
46854833,250
47888875,416
38985458,2084
61812584,250
67888958,584
36600666,583
35700042,916
54765875,292
23348875,417
68929209,334
59717541,292
15783667,2333
59620250,459
67796750,375
18779125,583
14556125,250
55353708,334
68791208,2042
64256250,875
20563708,1833
53772875,625
18944666,375
30558708,291
56355125,333
62558542,1000
42662000,667
43463167,333
94345125,250
12881708,2583
45929000,500
46639584,834
54248167,250
62945250,417
9906958,417
26064208,458
51115083,208
28455041,292
69316125,292
39183500,583
22850250,500
30773500,417
51657875,791
43448250,333
49965666,250
87257209,500
15839875,459
40848584,500
67353791,375
55725000,375
21837708,458
37756000,209
36039833,250
49647417,458
75559292,459
34385792,2250
35234333,666
13438125,375
43360542,334
20050625,208
58507500,375
23711584,125
34902083,292
56629750,875
68001125,334
38310333,166
58878250,334
51211917,667
27017208,333
68291500,292
38006125,916
50441875,292
59038500,417
54859084,250
32956667,292
54874542,417
50311500,209
47956917,708
54033833,292
69916917,334
36039709,333
33234167,250
31425875,375
36861042,208
51247583,875
19368500,417
40702666,167
46887083,375
22390625,292
48698042,209
41856833,583
46977333,667
32739625,292
58938750,292
40927959,834
53660375,208
68652000,375
60438958,2125
42294875,333
46260333,334
42950791,958
34121750,209
47980625,208
57411375,250
56524375,167
50725292,500
67922042,417
51171167,209
32886208,666
64534334,208
34886333,417
46329250,250
65586583,250
35606208,250
57167167,167
42509417,1459
26609292,1792
34593750,791
44085042,250
54250750,167
56360208,166
63778458,209
55967375,1708
44426958,417
32900875,667
66896208,209
27763166,708
27051417,1791
28078125,333
31161375,375
34202125,375
32425583,333
29136166,459
36365125,375
24636250,250
23109917,417
46301750,708
38202292,250
35394458,333
44356208,458
30100167,333
29612083,250
39884667,542
28434083,292
66654750,1083
48282875,375
26443417,209
38934625,250
37424500,208
50193667,250
36925000,292
26190917,167
28919708,667
43749959,208
44171833,375
33331250,250
23919708,250
35618333,250
61301500,208
32121458,291
51041667,250
46054709,1958
47540000,459
27409458,375
50346583,958
48078500,250
43689792,167
53611083,6292
26701959,2541
51232666,291
48565209,333
36760416,583
35102625,708
48819334,125
36755292,458
66640583,166
28457542,375
25050209,334
31543500,167
38445042,250
59754000,2208
52826709,584
51347208,708
51235792,250
41683584,500
43316833,292
41730000,250
41379375,208
54130625,291
26779834,2709
57212208,417
62831125,542
46328541,166
75492666,708
33571625,791
35508625,333
61066417,291
43098583,333
61445000,250
62056125,292
12410041,375
43085708,542
29831875,958
53254500,2208
34917333,541
52361542,500
55881500,1125
38286917,2042
70848916,1708
53897958,458
23387125,333
55400625,291
59251417,458
17025709,666
37003334,291
66854834,333
36177458,292
57713334,166
63669500,292
53947375,625
42004208,333
69306042,291
68738334,2167
43727083,500
63241833,291
25159334,3333
65748666,750
22163417,292
54593792,458
38907250,1834
33973167,1875
27613083,250
43749125,917
31493708,208
19345917,250
40961084,250
43962625,583
33743583,208
53171084,833
39856916,416
30223917,333
42113625,333
51326958,375
37279625,292
48069750,250
16258875,417
35679416,167
40483041,250
40946125,458
31937875,417
36576417,333
92012458,250
11841417,209
46621959,209
38575250,209
45198750,250
20097625,667
55289292,250
20657875,1792
19915334,375
36617958,1833
38324166,625
30399584,417
52176875,417
25292917,334
58171500,208
38474459,292
22348459,417
24815959,1959
16956417,291
40237250,208
59989083,333
38000625,708
53688250,708
56988125,291
36048334,666
22855333,208
33571750,291
30144334,167
43471500,209
46222584,416
37762000,167
26807000,791
49784916,292
30797084,583
32026042,292
63230125,333
43328125,125
49802625,208
39005875,208
36222250,250
36612792,583
42643666,375
51299125,333
43429917,291
68291084,375
27598208,792
46303625,500
141662292,375
47000708,1041
27296375,250
45813833,208
15375625,250
39277959,1375
29387375,208
53905459,208
40404833,375
38712875,167
67425834,334
14097292,541
51855875,750
47071000,416
29159209,292
33244416,292
57602292,459
63236875,375
55230625,250
43643125,291
23172209,208
38543416,2000
15800667,500
36666125,791
32541875,958
60185334,375
47999000,334
16523541,291
34943125,500
27796084,416
32285250,167
65723875,209
33689042,250
16836208,333
45261959,917
53882958,667
28332292,333
32783541,250
22594375,250
32811250,333
40002792,500
27139375,166
22849834,125
37617542,2000
34540542,417
30606542,292
35293333,167
35481708,209
25349334,292
38674584,208
42259042,667
22108250,375
37808041,167
65868292,1667
14731292,250
33182250,291
20284125,125
38256250,375
45365209,209
46614125,166
28429916,208
44653417,209
46926958,208
31960958,292
14639417,459
18855292,250
28388667,500
37206833,125
34456083,250
23044125,208
47374834,292
27282333,208
45680000,250
24501625,375
47658459,166
34740792,208
16150333,250
34450875,2375
31526709,209
38375000,250
33010084,167
35147584,334
36588542,208
11275375,459
18921209,209
46162208,375
40676958,333
14601333,250
27818291,709
19567583,375
50057500,334
33722834,292
51402542,167
33396833,208
43817625,166
36767084,208
26378917,125
38841083,375
53516250,500
23725583,209
28760041,125
27659791,292
40959542,292
44491708,334
44677958,292
38246625,208
42447750,250
31744959,292
34730917,1000
41304250,208
29126750,375
30488875,209
13576083,250
42605416,208
33579250,292
43162791,250
26529292,167
45056750,208
14215667,167
28502583,375
41901292,291
34867333,375
30682750,417
43717458,334
29510250,208
13471708,208
38642583,167
37623541,125
49356375,292
19490750,375
26437542,166
54053958,334
63902833,166
18942875,500
19192125,292
49046333,166
37800125,250
49372167,292
36836041,167
46048958,125
39571167,250
33779167,208
50098875,208
28827834,500
46479708,333
45079750,334
32615416,1958
60345833,333
17839208,334
28811041,2000
47912625,416
21687000,375
36685417,292
22655417,208
28312417,208
18968000,375
26504917,333
25752916,2042
35067583,292
43443750,458
35520292,250
38303084,292
42005166,291
64601291,625
42253375,291
43810792,459
52674125,125
32277833,250
8740500,500
41060333,375
22683541,292
57706917,166
64032708,167
51692875,208
42091667,250
40997875,167
23026125,417
40424084,125
62356458,334
83593125,416
51135875,167
29799750,1500
52781708,167
24327417,1917
57591417,166
10872625,333
57032000,125
39333084,791
45344666,1583
20413625,208
52780792,2125
27264875,208
17438833,209
61369166,542
50068583,333
16352958,459
41793542,458
38541292,583
56407750,750
18750209,1625
90531459,166
23341625,250
17884000,334
58131625,500
61827083,1584
49198792,250
70627250,667
38909791,333
47950459,167
26088542,375
43043458,250
26450959,375
55837875,250
47022667,209
73053292,625
17092667,250
36370292,416
69729583,333
26869000,1083
24106167,417
43509417,375
16816959,292
35986125,1958
41059209,250
40834000,1833
37110542,500
83414916,167
18041292,1292
36449208,667
48849959,2375
33983417,209
49754375,2375
60305583,250
47046875,625
29719542,375
33492333,250
33177583,208
34389250,333
40511750,417
40678375,125
45919292,542
30781917,417
31305000,209
45233875,375
50609084,250
49128459,209
48294500,166
29130083,375
25061416,2209
38510708,208
56837250,292
24301917,417
27288375,416
21443000,167
19979375,375
51849250,167
39970125,292
24823375,209
34519125,167
30486167,250
63104167,417
25930542,541
34680208,166
19139833,2334
68380167,208
47804541,250
68134709,166
18059125,666
18189542,250
60590417,541
51794459,167
46301000,208
60513000,209
54089042,125
49815292,709
63207625,250
24171583,209
57483458,209
24347375,250
54256541,2167
34101042,500
25064458,209
58783208,416
15122875,167
24481250,250
48995791,750
25571625,167
21723792,292
50173458,291
31241000,166
32233791,250
25109333,250
36171000,167
27717500,291
49097709,458
47668083,166
26488250,375
33362125,292
39022125,167
35524875,417
33097750,208
70898833,166
43571291,250
35872875,333
30440375,250
38950500,209
24756375,250
34790875,291
20822083,250
26096666,917
24640375,542
22778750,333
48043250,292
43504584,417
38422875,542
20367834,291
22467959,417
18454417,333
39038916,209
25463334,417
42922834,334
30967875,208
37556750,250
21097416,416
29123625,333
34648291,209
25449417,208
25577250,167
37527875,208
39920042,250
28545250,333
27049208,166
40507417,292
18570792,375
41959458,333
43456500,291
28765500,291
23962917,458
102591292,208
21724167,625
32647375,292
16345500,167
116844375,208
12474542,250
16553250,209
18462500,250
19525875,250
19250750,292
22715625,333
31260125,209
17416917,250
32632167,291
34354833,458
31173292,208
25662833,292
23869209,625
21904625,333
22110792,209
30028750,250
28418083,1916
24054625,250
28005667,250
19351583,167
24584083,209
22784417,334
17219292,125
17207125,208
37869666,166
43140583,167
28779500,167
26393125,166
15225458,375
32103750,167
33158875,208
36673166,125
30677667,209
35751041,708
14413208,2209
29752041,125
45325708,125
47594541,417
60020125,166
40309709,167
44536541,125
17129000,250
35475042,125
56004583,167
50944042,1917
36687792,334
20158791,209
35709583,250
53017167,208
30712500,292
25962166,334
32010417,167
47177083,458
24251792,166
37919708,209
27346458,208
46427916,667
40112250,250
37541042,208
49403834,208
14888792,292
14846666,500
14292291,125
20750708,250
48589792,208
53955000,375
23304917,417
27977084,750
20228250,375
21829000,2417
30732875,208
35052375,208
30428542,292
29098917,166
31763209,500
24942000,1084
25549500,250
28431542,167
29560375,167
37895708,334
20918584,166
22499917,208
29013000,125
33653333,209
35426834,500
34062417,292
33526583,167
17769000,166
27760667,792
29129083,292
22502625,166
32239292,459
35711750,1959
33746791,292
53148583,208
31461042,250
25439125,375
25284084,167
34043000,375
31990292,209
17234917,291
27544208,375
22167709,1959
21331458,167
23913625,417
24478541,125
12579292,166
28828375,208
24149250,250
25000375,250
18955084,208
28736500,375
19448500,416
19658875,208
23658458,208
17632375,417
26368375,250
27703042,167
22043750,208
20728583,250
32038833,166
15887125,250
16971000,167
22955792,333
23694375,166
25675500,500
43611709,209
27549750,167
44487542,167
14697542,375
31483416,166
7558083,417
38637125,375
38711792,208
40516500,292
41029125,209
30825792,542
52208875,417
50363166,1167
17220417,667
23180333,209
26728791,250
34811334,166
41872250,417
35898292,542
53932833,333
84311750,375
55590500,375
49235750,1166
87774625,2166
62049292,209
22923542,667
69440000,542
30433916,875
29921041,2166
30075083,750
30049750,459
30517917,708
58549417,458
45878500,459
50745375,375
22197000,1333
72490334,333
12770541,458
22004375,667
39666125,875
15676666,542
29849125,458
32447000,459
43969791,542
22858875,792
44667125,500
12504125,1250
61340667,500
10618792,583
12905458,500
50149875,333
46047500,334
51650625,333
66660792,417
59671458,375
55299333,416
16342208,125
30558167,2208
10323000,125
14747000,291
24966417,1542
8060875,584
16057417,292
36422583,1000
19135166,209
24413083,375
17511875,1875
14643958,1166
14331958,500
31882000,250
28660459,250
14368708,167
8076750,250
12278375,125
10794583,209
21080042,417
15088167,167
9270833,125
11129000,417
21963209,167
91213417,2208
7116625,83
14836959,208
15752083,125
26014583,375
36758000,250
11309667,208
26752750,250
42056958,208
26116375,334
30618042,167
29068583,208
29329708,166
12202125,417
52156584,250
21393541,334
15186334,250
21849458,625
17628125,250
77173334,250
32574250,292
21674917,417
28784875,208
97197542,167
26043584,2250
39529209,250
28920250,667
42303667,292
8759542,416
24261875,791
150158833,833
44801334,167
30957292,375
34047292,250
122183917,500
62266334,458
74073542,167
19546166,583
35608666,375
21740625,541
21127833,375
13893083,291
20629083,209
27052500,1875
17226792,458
31591167,833
15808167,292
21916958,208
20093708,375
29635500,500
16667000,250
11596500,250
45351416,500
13849500,250
42755791,2042
22689500,417
42733750,417
21727041,292
7028125,125
28551541,1167
14104625,291
22729667,250
22507833,208
25790750,166
10228500,166
13991250,291
24363500,208
27187000,250
11533666,167
28019542,167
22168750,833
24177625,1041
18708416,292
23723875,875
9632666,417
10246958,125
16242709,292
15633750,125
19314583,209
27878708,250
28026625,125
20635041,125
23354042,167
29303000,166
16606417,125
33346833,166
21804958,250
7147166,125
22742125,125
20360917,166
21988958,125
10104500,292
27199750,167
33960916,125
15560750,250
34259542,208
17424709,166
23440209,209
12100792,83
11117667,167
17821083,166
24654333,166
17613417,125
31712625,167
9999625,292
35287333,250
8717875,292
30525667,208
35418000,250
10989500,250
28315125,250
17386416,917
32342500,1042
31109833,167
38491542,125
53345084,167
19363917,292
43164875,125
34262375,416
11700916,583
11452125,334
34763500,166
15821250,833
16283875,291
14112542,125
16179958,125
17671958,167
23317291,333
24861959,167
24197250,208
14933875,250
19271792,167
24131916,125
25922917,291
15693959,250
6715125,542
9158416,250
33325834,209
34511375,209
9793916,334
22317250,333
21110375,166
30793209,208
15910625,167
21996541,125
22508042,2041
33960917,541
26290875,166
8212667,167
26842958,167
29148917,208
34665750,167
33228708,458
49969916,166
23282000,167
18504250,208
16112208,250
23993250,250
32011125,208
32876125,167
39822500,500
24056166,250
36308292,166
46125916,500
20592250,208
22569500,166
8698416,1083
26398209,167
30733542,250
39765625,292
23445041,250
31967709,208
31600292,166
21986042,458
19179750,417
56062458,208
19707750,208
32867834,583
31974167,667
23256666,500
33938292,2125
28397208,417
35072583,250
34012375,208
34117250,167
33266875,208
27474584,250
36077959,250
11956875,334
15767333,375
8311625,291
21446709,1875
22890500,291
29724416,250
41377542,375
28131166,375
33914958,334
39358750,167
32529584,375
19705875,208
36976459,500
37409916,625
36941042,375
28103583,1000
9917417,625
6958916,375
49624000,292
35350916,625
39826625,416
20336042,250
49436375,208
33341500,2250
19307709,292
23527833,375
33957417,459
12774750,292
35172333,500
19001917,833
44731542,666
46041791,209
18602542,333
46775417,166
37727375,208
33863083,625
23191792,250
23621541,458
10591625,291
21360333,458
15168042,500
16619542,459
29984666,417
17912709,542
17557708,125
34321834,167
20246709,791
14517542,250
43659833,875
21393000,291
7458375,208
25882458,208
19293541,500
21434417,1208
13574125,125
9425292,1458
14014375,250
29335916,209
17754500,583
17116500,333
20292375,167
14362208,2000
9497458,2459
10098292,625
7334500,1041
29411875,250
12329666,459
12815709,792
14677250,1167
12730375,2041
17565042,2333
7936500,2875
22817209,958
15601917,709
9895500,1917
24545959,1291
24551917,1292
12735958,916
23303833,625
11707458,1166
16761541,1250
16415000,625
21835000,958
15585917,1125
23401416,750
13370000,542
9960958,2542
17800583,1208
11910917,917
19683583,1000
21847667,750
18000084,3959
13009000,1584
11686500,1000
12062333,1041
13116416,1209
18799875,1833
12733458,1208
14641833,1459
14718709,750
13121583,3666
25574708,1083
10044208,1458
16053042,2583
9757709,1083
10258500,1166
13704833,1584
12092792,1208
9499916,1542
20641458,2709
9735542,1042
10928917,3792
19332042,917
17405125,1292
12806791,1500
9846375,1458
20624666,958
9640417,1542
16526875,958
18679000,1667
10181750,1292
14793541,625
12496666,542
13175417,1084
15666917,917
22460292,292
16582167,1167
24082875,208
17598083,1542
19412875,1875
12093583,1458
19380667,1417
19098208,1416
8145625,458
21295458,958
9537917,291
23670792,1209
11104208,583
12184291,201334
13709208,334
19533291,625
15967959,500
12127958,583
10749333,500
12426708,291
10856542,208
11625166,292
9470583,209
8575292,375
6867375,208
9706583,250
8552000,208
10386833,292
9891750,167
12237875,209
8354959,250
8504166,334
9878916,208
9528542,2083
12772791,1709
11026166,1125
13212542,1667
10684459,1334
9688875,916
11948250,1542
10227334,1667
7549833,3167
6747542,2959
6967792,3417
7097625,1667
7077792,1500
7538875,1542
8084208,1500
6988208,1709
7230166,6500
7771875,2000
7843042,2708
7322542,2333
8030250,1709
6432458,2750
7531791,3000
7267666,1125
7340000,1375
7015292,1292
6928542,4417
6632375,3583
6953125,4417
6926917,2834
7122000,2917
7640208,1625
7070792,4834
6971208,3417
6379250,2084
6908042,2208
6709125,1500
6381125,2875
6517000,3166
6357417,3042
7137792,2958
