39716375,5007208
44872959,5012625
2163958,3292
2128083,2208
862333,1333
2207000,1791
2859583,1375
4758750,1583
9690750,1500
1890958,1791
1401750,1333
2230375,1333
595750,1417
2734666,1250
3903292,1375
5407542,1417
824666,1583
1983958,4750
1092000,4291
1607708,3916
1080375,1583
1298834,3334
1137917,1417
1611000,7666
1194375,1792
2044666,3334
1097916,3625
1102041,2334
1759666,1625
1366458,1334
3211000,3958
1880083,2209
1176125,1458
1488833,1709
1200500,4458
1765917,1625
775917,1666
538875,1416
864959,1375
807666,1459
764875,1458
1221750,1416
637500,1375
1310625,1375
915750,4166
845625,1417
1132541,1333
750500,1292
984083,1416
1622375,1416
1742250,4292
2879958,3084
1506792,4417
5104042,1541
3422459,3917
2425000,4958
3290084,1375
4801625,1459
765375,1500
476417,1459
3095916,3250
3260667,1667
3235167,1834
2978667,5750
3135083,2667
3707292,1833
2336333,1708
1713125,1458
16561250,1500
1428416,1458
1539875,1333
2493250,1334
2651208,4166
2083334,1542
1119125,1458
2413834,1542
1223542,4375
1457625,1500
2384167,2167
1950542,1542
5919625,1500
2817167,4583
1501416,3583
13163583,1875
3473250,3333
4030166,2417
2165000,4959
3881500,4500
11559375,2375
1587166,1667
13287500,1542
7713875,1459
2531708,3583
3033000,2041
1556000,4875
1046958,1333
1546334,1708
6890667,1625
7407500,4959
2119083,3042
5527709,3708
6225584,6833
1024250,2167
5722083,2667
16638000,4000
15868125,1625
14707500,1459
3377458,2417
7505750,1375
10168541,1667
7111125,2417
4805459,3542
17120083,1416
17775084,2125
12042333,2292
18780084,3709
6777833,1625
2025917,1916
8450500,3584
1048167,3000
2001208,5000
6204917,3000
1657000,1334
1104292,1333
7162292,2917
14136792,5917
14172042,2875
14458875,1375
10395500,5250
1298000,1625
3788375,1375
4560125,4834
3844250,3750
3650083,3375
1926125,3584
1079209,5584
2394167,3667
3313334,1791
3318458,1417
6089625,2500
6501500,5084
1310916,3833
3289625,6250
2746375,1375
4715334,1750
4670583,1375
7672125,3291
2165125,1250
2688208,2542
2591625,1333
2584833,2417
670667,4500
2396500,1792
3440042,4458
4395084,3833
3644334,1916
6378000,1375
3809666,1500
1499458,4708
7056292,1334
2693417,4125
5405792,4167
5512083,1791
718750,1417
496959,1334
1414125,4750
476916,1250
1936916,2875
1796459,2959
3584458,4750
2251000,1875
3621833,1375
4126875,4625
2153625,1500
3397584,4625
4690084,1625
2322125,4958
2374875,2000
5879959,1417
2230791,1542
1701834,2666
3261250,1333
3467542,1375
4715667,4708
2662750,2916
4723541,4833
3939250,1875
1458917,4500
1780375,2083
728917,1625
1197041,4750
927791,1584
674583,1666
607291,1250
979584,1250
1228917,1292
1518708,1208
3762958,1416
4961042,2542
1157625,1708
1138166,4667
532166,1542
942958,3292
1554208,1625
1071417,1417
894709,2084
1087208,6208
566709,1459
916500,1458
2456416,6208
1088417,1458
673500,1250
1295417,2000
638792,2000
4245584,4708
3023208,2125
1736459,1292
2596834,4666
897459,2708
1175083,5709
539708,2666
1088500,4375
505625,1917
898458,2084
1155458,4167
692334,1417
451084,1417
1218792,4000
1326291,1875
645166,1542
949375,4625
1593084,1333
948917,1625
1408292,1417
903625,1250
1139416,1334
968167,4666
704792,1500
477084,1416
425417,1334
432375,1500
317833,1167
806792,1209
925916,2666
474542,1916
706542,1500
370750,1542
504083,1125
1623292,1625
473625,1375
1401459,60833
435000,1625
898417,1458
382958,1250
497917,1416
342500,1125
1069208,1084
411458,1000
760417,6709
326833,1250
350750,1208
594708,1833
812750,10083
1180959,1083
434500,1084
432708,1084
339334,1083
354542,2291
398042,1042
399916,1125
1069417,4250
755500,2750
533083,2834
630708,2167
466458,1625
986583,4000
920708,1708
19695417,1250
418375,1041
391042,1125
353959,1083
19941417,1167
679459,1167
19437625,4458
18256750,1125
16797292,1500
15443792,1500
4133959,1167
2525333,1250
2134625,3250
1207708,1042
1384875,3750
2191500,1250
2745958,3333
4379625,1208
2295958,959
3070666,1000
1807083,4000
2587500,1167
647208,791
1852125,2959
2072250,1083
3674167,3625
3185458,1041
6328292,1167
2417417,1041
3448083,3750
986292,4083
1549792,2500
1433375,1000
1216875,5666
1540333,1167
7322458,7958
6725500,10375
4698292,1250
2204792,1042
1288208,1000
3947916,875
7072416,958
10149833,4125
10625166,2333
8291541,1375
977458,1584
1035542,2959
385459,1000
3081083,917
1456209,1167
1717916,1250
2292417,3833
1114458,959
2897709,4125
1347708,4875
4543875,3042
5011333,791
8444583,1334
3579542,1500
7846709,3667
2433500,1334
1755083,1167
6934709,1000
6846250,1667
12246875,1916
319083,1167
5823792,875
6097708,1041
2503833,1083
2884417,1000
2947750,3833
6330041,3584
6465333,1000
5205917,2125
6478417,2500
2604792,1917
4905250,4042
536834,1208
14959375,1292
13289875,20083
11931333,1208
9256125,1708
12030791,1625
22421667,2875
23405583,1125
2395250,3750
13756125,1709
5089167,3667
5000709,1084
19140500,1250
2180750,2416
2249000,1000
4490083,1917
4717917,1042
6456959,2542
7795041,1000
2027708,792
269792,1042
1784541,1084
3155292,1167
5709209,958
5663667,833
5789334,3792
975750,1416
2331667,4417
579792,2416
6040500,5291
3628958,958
8972625,750
1967750,1375
14339625,2333
1185917,416
2005875,2542
12858083,541
3616834,542
5203958,2291
4154292,1291
4949917,1667
8083958,458
7389208,1708
10728708,417
10206708,2375
9657417,1375
4884875,1250
3486792,709
4160166,667
4872625,792
5733167,2083
10954583,2708
12679916,1584
7455875,583
7347458,584
9059792,1125
2077625,2500
754083,542
1622333,667
3214375,2500
10782208,417
13256250,458
3808209,708
3793667,750
2868709,667
15234708,2292
6587333,500
6014292,666
6404208,2375
1205625,3791
1055042,583
2228916,1416
12531917,375
2852083,542
14370042,917
20397542,500
5892667,3250
5522667,416
7392792,334
22089334,8458
15103083,166
9060166,1334
25777292,1208
5074667,2166
5813375,417
15452083,584
7089500,208
10575458,375
4054250,792
3360708,333
8637250,166
12558583,542
15565958,291
4699500,458
2967416,208
6823000,750
26407792,292
2285917,583
9218042,1584
9367375,250
13440000,250
34358250,1709
29571959,291
1122625,1917
7319917,208
4504500,291
311875,334
6939000,375
5619417,1000
12547708,250
15413750,333
25580625,250
10830542,500
7070583,1375
10771084,417
7144959,1333
9114834,459
11707667,167
784291,1500
3711125,416
6583708,917
7211125,208
476083,333
14456209,375
3411125,208
280000,375
5869500,1458
2466834,333
6958500,416
6219958,250
6252625,209
2679292,166
3023459,167
2795958,166
4868417,250
4327500,750
9892208,500
6044709,1667
348916,250
7319708,166
1226750,250
1038584,1583
876875,208
921834,417
836500,1916
834959,500
725333,750
858208,291
1090833,83
1327167,250
419958,209
1579584,250
1511167,125
1246000,125
553041,125
292041,500
307000,167
250541,167
706583,1458
325166,208
490125,208
504250,1459
324583,250
310042,292
235084,250
237292,125
266042,125
501542,500
753584,1916
928375,1167
822875,291
854667,292
286500,375
698667,1500
464666,292
502208,375
563292,208
1218791,250
1127583,208
759333,167
655750,1541
277625,375
694375,1292
525167,292
282292,417
341458,125
220542,292
527375,1541
572708,1041
256875,292
428833,458
839333,1458
286917,416
398416,459
386959,1625
249083,291
6357333,541
1990750,208
425292,250
235750,209
355834,250
1118667,250
237833,167
953208,209
6296750,209
12753500,333
779042,125
16223458,250
5291333,291
15152125,1500
15427500,875
11159000,584
13585041,1334
12743042,291
23978333,541
27159375,667
19532041,333
33887500,2167
10374208,625
11169125,708
637334,1375
1806500,916
955291,1083
2860709,1250
11702167,1250
5098042,1625
1562208,2834
8606834,292
2911500,542
13657792,583
4642084,334
7879958,250
10025167,209
6283166,333
9864416,583
11930375,541
14772750,291
15185916,250
8487000,208
637292,1125
2759083,208
44294792,125
6607125,1708
6982375,250
10280875,416
14303625,4542
8733375,792
4855875,541
3668875,166
12925042,1833
12640958,875
6825959,1292
14236250,334
7209125,167
17773625,209
22291542,250
5571458,167
5765584,1667
5723666,1375
11783541,334
8808625,375
11299625,250
16547959,541
4454708,14875
18031417,333
10587875,250
23616750,208
12983042,334
6635500,15625
13833084,583
3907042,250
5259083,416
628959,292
22993166,542
41017166,1166
31434750,1833
4947458,583
4238542,167
17761500,1792
55704458,375
9788167,541
25479500,333
26000625,1416
34770333,459
7624750,625
8980167,2750
5067917,500
5413750,250
22584083,2750
3289625,1083
38492333,2958
36235625,791
9496416,291
13350000,250
2956042,1458
5994292,250
11306375,292
22755625,375
37400709,292
28267250,208
46458458,667
15979959,292
16950125,875
2281542,209
6239708,333
33454250,250
59451166,250
3636084,541
3650416,292
9431750,291
56785041,500
20816167,375
29626583,334
21826708,334
21553375,250
21499500,1583
15013834,250
23792500,292
19712125,292
20698042,209
2215666,1542
3826792,500
7236791,167
5891542,500
10979334,334
17091292,292
27306959,166
18344625,500
5078083,2583
19842333,333
10474041,208
18486333,208
14189333,250
15471584,250
32607458,209
16517042,1583
23588417,291
5057334,333
16311166,209
5181584,333
2517416,167
3834875,334
9600375,667
20269500,250
10624500,667
21131625,208
16466333,292
24652542,250
18993500,167
28704417,1167
8049542,250
3695167,208
4457625,333
10062125,417
27068292,334
18047042,1667
534875,166
2212750,208
11845500,208
6889416,208
40359042,708
40839250,1667
17697708,250
46024709,1542
12257083,1084
26028584,250
22572834,1500
10945208,209
11493458,209
10063208,167
26974459,208
1468584,583
386459,208
679750,208
5881917,250
30448500,125
15141666,458
40904875,292
1399791,1667
14190292,1041
5865750,459
5916834,417
8984875,541
5419500,250
47143500,250
28002875,334
4142958,1750
39601291,416
24369583,208
24136208,166
5414292,250
11427834,292
34156084,1791
5030500,125
11733000,250
47970000,417
8388083,250
30984541,250
30646584,333
30940667,208
12889750,1250
97787250,167
34534792,417
5499375,250
6225542,125
9215083,541
16727125,9958
18001708,1458
18375500,209
28307209,209
32712416,250
18129334,291
80787625,375
23535584,1459
3962417,250
5155916,583
12273292,333
15346125,375
15560375,375
17024416,541
17269042,333
938334,334
6440625,542
6460708,333
3644750,208
1157792,250
32916542,333
5630000,166
8428750,125
4554792,250
398917,375
521666,292
5888375,167
7971458,250
1031292,250
1120959,541
241167,292
217209,125
3844667,834
25942458,167
78255958,250
46808625,167
46661834,291
19044583,1625
21024958,1666
19253834,542
5499083,750
8942583,1541
18389792,1667
17733667,458
15198292,292
274250,334
247583,250
2559792,1042
46654833,292
6800833,625
36211334,208
18026500,291
3951583,209
19122834,333
238834,333
8851417,208
5143208,583
21975250,291
44875959,500
24821625,292
24985958,1375
4786292,292
1598834,292
2973417,291
41640209,208
26534042,500
19609958,334
20235333,1583
47252250,209
32530417,666
15807041,292
9996250,375
13248208,1459
11402500,292
28510667,208
28990417,250
18932541,292
61221792,458
36842667,292
15916625,458
1562875,208
1761250,1458
2257333,208
6358250,166
12192500,375
11683500,333
8949792,250
9018084,167
18895167,209
406666,791
8247875,209
7902416,208
7807791,208
5998375,208
13787417,250
408458,625
38151458,292
285500,292
248875,167
37887875,1500
37919709,208
39364625,166
460125,250
38094750,333
420167,208
17850916,792
761541,1583
701208,459
395375,917
2166833,167
4383709,167
2722208,417
5174125,208
4681125,250
4775875,292
3532917,167
8761209,333
8639208,1250
3050125,250
3489250,125
4492000,209
1554917,208
866333,167
920416,1875
1165542,875
4938375,166
374917,417
1838042,250
560417,208
278792,208
932584,1333
341042,125
360125,167
717958,292
475334,209
962541,167
419625,166
796000,167
1181333,375
573125,208
805625,166
1595417,1333
1518125,166
1878333,208
1171833,167
1685541,292
876208,250
1076958,167
1381208,167
1231750,167
1594375,209
725708,292
639959,166
845000,542
754833,208
709958,167
358667,209
638166,375
275750,166
333125,292
668417,166
805375,167
8325041,167
8198667,125
8439208,83
8836042,167
654083,83
1008250,1500
1575583,292
486083,542
368667,666
7270583,375
8907750,667
299500,500
33050959,84
18788917,375
19220458,208
17225875,250
13158542,209
28599834,1291
23679208,1750
17231375,209
14397708,167
8389833,250
8083417,1500
13353000,1583
75935750,167
59629292,208
42338416,209
10091583,458
8287125,250
36063875,250
14318583,292
4783000,375
5136500,1375
7532750,1000
14008291,291
12732292,167
5023916,916
233833,333
207042,208
24832542,209
25510916,375
205250,250
38431042,292
13752917,291
9573375,292
25235916,500
26887583,250
7627250,167
7211458,209
9452125,292
23530625,291
49666791,1708
26994125,208
11335875,417
21707583,333
5225584,333
1953500,250
1851292,1541
8503542,292
5292459,792
4913041,167
3293625,167
12947834,208
75698333,208
15989375,167
3216875,125
21347458,1459
21384084,167
4972625,333
9275417,334
47368500,250
22560334,1458
9099291,208
341875,583
1322333,208
3165750,208
4011625,333
13804167,250
728542,167
1167916,250
8295083,292
1722708,208
15880333,250
13232417,167
7353084,500
4221417,417
28825833,250
20338375,209
7956792,334
7865083,250
8177583,209
8271250,250
1658292,250
9589917,250
15753292,1709
2925167,208
13424375,208
17105625,208
20589250,458
31432791,208
7519917,459
7531917,167
11349292,250
16051125,209
326667,209
15585417,208
19940458,208
21636000,167
7527209,250
10800375,1792
4671250,1375
27419041,208
15799250,250
23795709,166
9749417,416
10657875,208
4626250,1292
7752750,167
8153125,250
53248709,167
9658125,208
34362875,458
10266250,125
381500,333
31086458,292
21667250,416
13329083,167
2706833,375
6163334,250
5605166,167
2700042,208
7544833,83
14416833,125
6455583,333
17978208,209
22644666,250
7152500,333
7793000,166
27334917,1417
27283458,416
10235500,167
11000166,250
14420542,1625
4329375,167
3236625,375
3631500,209
232167,291
477167,500
915958,500
12669833,208
2864333,1167
27373292,166
27053000,125
7155458,292
12952000,250
31737458,209
32100458,167
14205209,1166
17503625,959
17303667,166
21395000,208
15282792,250
15143667,291
17916334,209
21316375,208
16811500,333
11397708,125
11604875,167
19557000,209
22529875,208
49762750,209
41828375,1208
10283500,1542
21680791,250
25758500,250
21134709,125
31570958,250
7001958,1084
27018250,1208
8704000,750
8198709,958
9426292,792
21661625,584
18628417,291
1085792,542
3314833,250
5540875,334
54824291,166
2076375,333
21157625,375
3433000,333
2822083,292
6331916,208
30897750,500
22578416,1209
5969583,500
6029209,1333
21649959,167
5527666,1500
3134333,333
5792834,250
12017500,167
3220500,459
2348333,125
24023375,959
8098334,2292
38131042,208
21253375,541
17989833,250
17886500,167
44266375,291
21044125,125
24544666,208
16546084,250
13917333,417
17929084,208
24058375,500
14693167,292
22179875,5667
19958625,792
18590875,709
10204625,375
17826166,625
37902084,1250
46066375,375
3699334,459
6774833,1583
47133625,3583
20036084,2166
21457416,250
42770584,1084
2579208,208
9915708,334
9413791,292
11314583,416
11322750,334
498542,208
650708,500
3830042,250
3659417,125
7918834,2167
7988792,292
9424459,375
9746667,708
18192791,334
32843584,500
29780167,208
17240583,333
5879125,625
28490333,209
15791791,333
13079542,250
13027583,250
14496583,250
15437166,1791
21498209,250
21515500,292
19208375,292
14970958,250
18333958,209
22891000,292
21189375,542
22958291,208
17956750,250
13146834,1667
340625,333
13335209,250
17339750,208
17467459,250
15233458,250
21418667,125
6822708,209
16261000,250
9468917,1416
2559916,208
256125,167
330750,250
2954000,166
218917,167
374500,208
12369834,541
27728583,917
1927958,2250
636792,375
526042,333
21591583,208
3455333,250
667167,166
256917,416
291916,167
207250,250
246583,333
16688625,292
299959,250
1278833,250
2073500,2125
3869209,1584
7346959,375
9132667,209
8951583,125
11198834,208
11289417,333
17539666,125
19541041,250
2495292,334
18103750,416
2755167,2041
18361666,458
20484834,208
7238250,417
21887625,500
4096750,1750
4403334,250
9101167,208
9518542,250
10399125,917
10712959,334
593625,208
238708,208
11365458,375
249875,333
241875,167
387167,1791
265083,292
216417,333
348334,291
193375,125
11882042,208
12308666,208
4393125,250
7863875,209
7962708,209
233541,208
218083,208
210208,125
8665250,2000
251458,167
261875,375
239875,250
309791,166
490666,1792
354375,292
244625,209
211458,208
214083,208
9924916,125
11652750,166
6157833,1667
12691416,166
7364500,167
8864125,250
8069959,1833
9301875,125
9618833,166
8119875,375
25094292,208
755875,1708
260041,250
544125,208
578875,208
4719458,250
4291541,166
3900541,1584
16576167,208
12267042,292
20250000,292
16001292,208
606792,458
18757459,250
18535459,167
301625,167
1779458,375
745792,333
10113500,291
9435209,333
24633875,208
8751333,875
8802250,333
25431584,1917
27038750,1584
11864417,250
10577292,250
19174250,208
3069625,375
27173000,208
8231541,417
14422916,250
59187000,375
14772750,792
27258375,208
29712792,542
17690375,208
10403250,167
10932000,209
14325125,333
60810167,209
2694917,584
13273291,208
8572083,292
12398500,375
12555292,1333
5974250,1959
7669125,292
4236334,417
4235959,250
8712250,209
13567166,167
20822542,250
21369416,291
16346583,417
12967417,417
27701292,208
1731125,292
1435542,167
3416458,208
17396750,250
17563416,250
17531041,167
223458,291
498917,458
309792,209
12643667,250
14046666,250
2669625,291
7419417,375
3156167,500
8824542,1958
9107625,208
19468583,250
20343459,250
6132583,208
28821875,375
10128375,250
29386791,209
25646542,208
11080083,209
666250,2375
13771500,209
9228250,250
18601250,208
21584000,209
4447250,166
6436917,458
7910167,625
11765917,250
11880792,250
16577125,291
310375,292
21440792,250
5161125,208
789000,166
407375,333
268333,1084
229292,208
330000,167
3721084,125
7654500,1792
7393667,208
13667041,208
11371917,209
12230667,208
13313583,1792
20487500,166
1092791,375
8006333,208
9488709,292
4003125,292
288958,416
5863875,1250
7453208,1583
2951292,375
5764500,1167
16134084,208
13142084,1500
5470292,1750
9456125,250
11047875,750
19735416,209
7200791,250
1459667,208
13189792,333
1818875,250
11631375,292
1924167,250
198750,334
1221167,166
1274792,167
1680917,208
1352209,167
5776166,166
6180125,333
6528917,333
11030125,167
17953125,334
18343083,166
21954208,250
14854750,750
5033291,250
2358958,959
21546333,750
7610583,459
2815916,417
2852542,417
11836000,250
21803208,2209
22073000,333
552708,625
14397959,250
503333,291
20391125,209
26721125,208
16449833,209
10420084,250
17218333,209
9778417,333
22984917,125
26986000,459
14374333,1708
5539167,750
20279667,334
14356917,333
6516167,2125
3041916,334
24328542,208
32045959,167
11020750,292
1025042,1916
8479958,291
26397792,417
423708,791
4319958,166
4766917,292
25794667,250
25471083,208
15350417,1500
15759000,375
11493667,1625
336666,375
17002333,292
14143958,750
5143709,250
5244792,166
8259917,208
8132625,334
6619167,375
20163291,291
33161709,250
17203250,1500
33547334,458
30884833,250
30961791,458
15392000,250
29650750,1750
22200291,375
21877125,416
22470917,291
7140208,375
7948500,709
4636125,291
4380583,1834
15975917,333
274958,292
26237541,1917
1816625,250
15226208,292
53059584,292
24271083,1792
28345416,500
28535875,1250
5401042,500
12669417,250
1670583,333
21775000,458
4565750,1542
2874333,208
3877583,250
5701334,208
667625,292
4824375,1542
10622958,1833
13454583,209
22013917,291
8422042,292
11173125,2000
11259416,625
31191625,542
5335292,292
5978250,291
5825708,167
4466042,1667
4600500,250
4140084,292
4238792,167
4435750,250
10608208,417
35781709,292
6167000,1084
6027458,375
6084500,375
213250,250
484084,1625
243916,375
641542,208
386958,292
7584416,2042
7853833,250
244709,208
277083,166
7864334,292
257709,167
349042,83
519542,2084
342458,125
295959,250
317750,125
158750,209
4748084,500
5695334,1208
5274500,500
880500,334
5507292,791
5356125,208
2229875,292
2198542,1708
2396334,417
7622250,166
1268583,167
3864250,250
3961375,333
6068875,250
6767625,167
1879916,208
8417958,208
7767334,208
9087625,250
4006000,208
3802458,167
5052250,167
6439583,209
8279834,209
3973500,166
4033625,166
10522958,500
1790500,208
1858292,208
5813250,125
6580667,250
5875417,167
6962167,416
6201000,1917
13222917,167
8574917,292
9732708,292
9758334,1750
10285834,208
8072792,250
25181583,167
12700417,208
12709292,250
13173584,208
2580208,1708
15410542,333
5940333,208
2981083,292
3018375,250
6990834,291
6934875,2083
6289084,166
5284083,2209
5411292,375
8415708,250
4274875,250
4077292,209
10813542,167
164500,167
160375,167
250500,167
7875583,250
7715625,333
12472375,375
10103583,459
5886792,208
12953792,167
12645583,167
12938833,209
6542792,125
14805708,250
7919792,166
14491208,167
309167,208
252708,167
236750,250
287000,292
9931875,209
515958,1750
9488750,1750
227208,375
292625,250
1298709,2375
12128166,208
16362458,375
12150416,1333
477500,375
1429333,250
945666,250
12613167,291
5474667,250
5263208,250
3470292,417
3524625,292
3405916,1709
3480083,416
3367917,1167
3465792,459
173209,250
6583375,334
6947417,1500
7083209,291
645750,208
627375,250
715167,250
1234167,208
1299291,208
1196541,1709
4977292,167
7262625,333
7152917,209
5526125,208
8179959,209
10219000,208
4925167,375
13526917,250
11082417,291
11133292,292
11280375,208
505084,125
737458,375
1124208,2208
471000,1625
405000,625
555292,292
196042,666
177125,167
340125,125
183208,250
1817959,209
2215708,1792
13769583,625
11763041,250
11744041,250
753334,83
1065708,250
1136208,166
196708,208
209792,166
168792,125
4315166,291
3468875,166
13585541,250
651292,417
301458,167
435792,458
222666,209
246708,208
214875,250
222375,208
416500,1791
244125,417
380542,1500
13749625,208
5579125,1458
201083,375
9812333,334
9818375,167
11475250,292
11354459,208
3563667,166
15017584,250
243500,167
2990666,292
4136208,375
25019041,375
6110833,375
9883750,333
7991375,291
8139375,250
8869042,250
9389166,2500
8969250,250
17459500,250
712416,250
14609875,167
5515542,250
9741208,291
2378708,458
6865375,417
19559958,208
4204458,1916
13800292,417
14475917,292
4309250,1584
22116916,1541
12681500,250
3802792,250
14806083,292
7862875,250
36275708,500
216375,292
20369667,1750
17561125,250
14652083,292
4182375,250
7394833,167
15619875,208
9267458,250
5547500,1708
9494583,250
11595708,209
6965625,417
9119333,334
2277375,208
12476125,292
8970833,334
441375,333
6366208,250
9047916,1625
6140084,250
3365792,334
8055458,209
6041125,500
6321500,1416
5194416,250
7195125,292
3718584,500
15321458,167
15561333,166
15679542,167
15931083,209
7492458,625
7649500,333
10994958,167
10753084,250
13267417,1708
13855625,166
19496042,375
9400209,334
9082708,167
19618250,1541
293416,500
1998291,375
2084625,875
3185292,1667
3486042,208
8997917,1625
8999917,292
7876125,250
2297958,167
1334167,458
10310625,250
2339292,1917
2287209,208
11022292,459
10716125,166
10772833,250
12919250,167
3544334,583
3480750,209
14636833,292
3515333,167
11451250,291
9481875,1833
9859000,208
10648458,208
1493459,584
11868416,125
1958667,208
2536167,1833
1004416,292
370125,334
3158500,208
6032375,250
8211250,208
12203458,417
2806958,2000
12093125,167
6124250,333
6706041,1375
3480292,292
5874334,417
6145041,250
6198292,209
6358708,667
10336833,459
19001541,375
10631292,125
10740083,209
10860083,417
332250,250
359166,291
293709,167
300750,167
456417,167
289667,250
212125,125
492500,250
901750,1625
3486958,167
12733333,125
12792500,250
8113750,291
9552792,166
9738375,167
1636625,166
10362875,208
10453958,250
12530041,125
281791,250
2474084,375
480542,208
4753667,625
5001375,208
5269167,208
9987708,167
10023000,166
297750,333
485667,250
10296209,167
342291,125
175375,166
257542,208
165833,125
307958,167
202083,209
353875,291
445542,292
211875,166
164792,209
420334,167
623667,166
256792,125
361333,958
250708,166
171000,125
317125,125
163166,125
386833,84
263959,166
319667,208
189417,125
411625,125
172375,125
331459,167
405208,167
500042,125
336208,250
168333,166
174333,208
1186792,167
1156708,125
3936708,166
2577709,166
3145084,125
5405375,167
4874000,42
7132584,166
2147708,250
1887375,125
592417,84
8629625,167
10458791,1833
1955167,208
2820667,208
8852750,166
4671959,208
6939500,208
4524333,166
6814708,209
3366834,1708
33613000,208
12799375,208
13298250,250
9989333,1000
1750042,291
13356667,334
9393083,417
10116875,167
24292042,208
9431875,292
13732500,291
13630583,250
942916,250
326167,625
423833,417
11833584,333
4591375,250
4596750,250
15083417,167
26544083,208
11285458,209
5686209,167
6685708,208
6571375,250
3089542,166
2487083,208
3265584,250
11840042,291
11975708,167
12739958,250
11471458,584
11801458,459
8351000,333
12032125,1833
25167208,334
6493500,250
1270709,291
16092416,292
5799042,167
13199084,291
12174208,1625
6940833,208
2572084,334
3050375,167
4388958,209
4077125,458
22291500,209
7637875,1625
2945041,208
3494250,208
5060917,2042
4117708,291
4155833,416
8595042,166
4959125,666
8425042,1833
11149542,1209
12534834,459
8377833,166
324167,500
2209417,375
7548500,167
2902125,250
5816042,792
9377125,208
9151125,209
15342917,250
11002792,625
10906834,416
10741000,208
10558250,166
3244125,208
4356958,208
3120959,333
11418000,167
11751875,250
4928708,1791
7582750,208
9130917,1208
9320250,417
9442416,2291
9632958,417
2467125,458
14012708,167
14413500,208
18032708,375
20825208,1291
21171708,1708
695292,375
791375,250
459375,334
2903541,167
2921833,125
2954959,1375
12821667,292
12814417,208
1537916,1542
2802375,209
5287208,291
5040041,291
3019041,209
4144500,458
926916,250
416291,250
1167750,125
1386625,209
2112583,125
4218417,209
4543792,167
4054709,250
14770583,250
20044709,208
19958833,167
21458292,167
19030792,1834
11217917,1875
3553709,208
17569708,625
2421917,333
6486083,333
19333791,459
2639333,208
4003292,375
6078292,209
9547666,209
14790291,250
13675917,667
12335625,125
495875,333
2787833,209
9869583,166
2280416,1916
9140459,208
10447833,291
4910000,333
8353167,292
9915000,250
10803959,208
9982375,125
885125,250
195584,209
418375,1916
9972709,292
233542,625
174209,375
290042,917
3563625,1333
3029500,375
3250458,459
3418625,875
268583,250
271208,208
314750,250
248666,208
312083,166
331750,167
242167,167
362125,167
516166,167
216750,167
9449541,250
9699625,166
8926709,208
9027375,1584
13803208,13583
13593500,625
13646625,19750
13835167,2291
568792,74208
337042,292
280500,250
253666,250
700166,250
457083,250
318000,875
299333,125
248542,208
235208,208
185833,208
197375,125
1299750,208
768375,625
870833,2291
1550459,250
260917,209
243042,209
259333,167
435417,1667
254083,167
206875,167
338125,250
194166,250
220292,208
363625,1291
198417,291
209667,167
236042,208
404375,167
5849000,167
6054834,167
9803417,125
16282042,167
15328167,208
10332875,166
252375,250
384125,208
5796667,166
6527000,208
10349916,2000
345833,375
19927833,209
19939459,166
19925834,250
10068208,167
289917,375
254375,292
208000,167
214000,292
19784583,208
219292,292
203792,250
196125,167
190834,125
200625,208
194834,208
205375,167
189791,167
198459,167
184166,209
190333,166
184167,167
196459,166
199583,167
193333,125
204750,125
197334,208
187625,208
206417,166
251875,208
221375,167
209584,167
229167,208
622500,166
257708,167
286417,167
220958,167
218250,167
198291,125
233500,500
209666,250
339750,500
214542,291
643792,292
252125,208
225667,208
223125,791
205375,125
226333,166
201916,167
205291,125
214625,209
16056041,167
309084,208
217709,208
206208,167
7376459,208
726625,209
265750,250
231042,208
253167,166
255375,208
2910584,166
1308292,208
2264208,167
277667,208
2738834,375
295834,125
218250,167
224208,209
200250,125
200833,167
217708,250
206958,208
208458,208
195041,584
201708,166
195917,167
198834,167
230209,166
197666,167
223042,209
229750,125
197542,84
197334,84
191458,125
535000,1833
216000,291
212417,542
208792,208
214458,209
455875,417
281375,458
193417,291
2929375,250
263875,209
217417,250
210084,250
216208,166
216333,167
203709,167
199375,167
193667,167
194834,166
977625,125
14728083,166
9882625,333
8036750,458
262167,334
223458,208
259292,209
203292,125
250917,167
4182916,1083
2919666,500
3190833,250
3141917,333
7703750,417
1344250,875
984584,375
741583,333
1589917,250
15923625,250
718125,2125
21037583,375
14398541,834
20823625,2042
19431167,416
19257750,459
250416,459
197041,250
216417,333
174417,208
1495458,292
567209,2250
531791,1458
196625,333
264375,291
302208,333
176000,250
361458,250
190375,208
417459,1834
179833,375
183750,292
174875,166
259958,375
183791,208
178667,250
204792,250
159000,208
10055625,500
197834,541
439750,1208
240459,250
279250,291
200208,167
179042,166
284542,167
545000,1750
308500,417
177500,250
184833,334
391792,1583
391292,959
169000,167
358584,333
231417,83
158875,167
329417,1334
273458,292
406792,917
367459,500
262458,333
251375,375
269166,167
380083,375
373125,667
241959,292
176291,292
386250,1875
162334,375
317125,375
151000,125
229333,166
161458,209
203416,209
170417,167
333833,333
307500,166
173000,208
421000,292
268084,250
965916,208
5018083,208
197125,292
20087625,750
338417,375
248833,292
298875,333
245292,167
214417,208
213500,209
202709,166
274083,1541
242250,167
208833,167
199083,167
195792,125
193084,167
1215792,125
274500,250
553333,583
259000,458
15208709,167
3670125,208
2427750,250
404334,209
245708,208
330458,292
603042,1833
250500,375
485084,1416
232125,375
335292,250
229666,333
173084,167
10178084,208
2550167,125
339167,1167
9712708,417
270208,1084
193916,292
213250,292
185292,250
284125,250
393583,333
170834,167
157750,166
159875,166
162625,167
338250,333
9002375,167
283625,209
560583,1833
287208,708
217542,250
238000,417
275916,292
265458,250
237583,167
199250,125
218209,250
3962208,209
232583,1250
196667,167
160292,166
6522541,167
260417,250
199000,167
628083,291
292667,166
228958,250
173833,166
241542,208
225084,209
392250,250
10834250,209
326416,500
356792,209
5024833,167
243583,291
218666,167
192000,167
199792,167
179375,208
270333,167
1461458,250
254833,292
262791,250
209459,167
210875,291
13355500,166
5312500,208
339334,167
323458,250
285750,292
227084,208
288042,250
179875,209
173167,167
161916,208
349375,209
163958,209
1174375,167
245291,167
214083,167
249042,167
217667,166
238875,208
9920375,417
347625,166
265584,209
308667,167
282417,166
215667,166
228333,125
214500,250
270209,125
232834,125
259208,166
275334,166
251708,166
221875,166
463750,1875
421500,1125
943208,2166
3509458,458
12718333,2542
1779583,250
227792,250
225542,250
273417,334
230666,167
209875,292
204875,167
614709,166
176541,208
2933917,250
274959,167
646667,208
483875,209
779917,167
1396917,167
311084,167
1556084,166
1724000,167
386458,333
304959,250
178417,166
175000,167
1896083,500
378292,375
521209,2000
891208,208
5597291,333
694500,458
386458,250
225208,667
877792,250
253291,208
529042,375
230458,208
233750,250
174041,167
644917,625
397041,417
200291,334
174000,250
223584,209
233500,666
221334,209
223000,333
201000,167
899541,167
236000,208
273667,166
226875,375
173583,209
229875,250
186875,208
174667,250
244417,250
170666,208
867667,2208
322250,250
430208,250
935291,167
195958,334
167583,208
178459,208
158833,166
157708,167
165125,167
163833,166
158917,250
160625,167
165792,208
409708,250
457250,333
256500,334
