36772917,32006709
9418875,8869084
8008167,7428541
10784917,9939500
23638000,13765292
28326041,27061041
7885417,7501541
11412084,10903958
7009041,6448209
6909375,6536042
10586792,9966458
8539708,8099417
10457000,9843334
9393750,8917291
10017958,9299875
16395625,15521791
9791250,9155708
8875834,8238750
8735791,8149833
8260667,7831250
7032875,6654916
22551750,22011875
27024625,26680750
38606625,38133667
27419625,15202083
10720375,10079250
8452125,7962542
14738292,13946000
12921250,12094167
11977125,11581583
8559667,7600083
10039125,9408833
10589708,10094458
10289250,10022417
9087250,8601792
10175375,9559541
11908500,11418833
19701833,19171917
12319542,11408750
8812584,8507458
35866209,34767625
8211208,7813917
7651000,7299625
7521792,7086917
9569417,9219208
13475750,12989292
7987709,7547208
9638833,9205875
37051708,36457125
16554208,16160959
10906167,10504459
11016750,10828667
13477125,13023583
12711416,11412458
12394375,11298083
13665750,12424750
19953875,18971666
9734500,8345959
17344792,15936666
23559000,22050875
8809417,8001083
12018750,10572250
13730584,12550584
12565125,10698666
11695667,10694875
13180875,11901083
15090750,13676208
9201000,8291458
11994917,11715625
12665834,11876959
12605625,11225333
10605917,9863333
16856167,14473417
15365959,12788084
13176250,10251542
9181458,8277042
19104416,16181541
13445834,11579792
23470166,17261375
16555458,14688666
16316958,10857750
17604250,12337375
60003708,59136625
31696667,28110250
33294792,32506667
38815750,35290875
36629916,28420334
39455709,15200042
18771750,15447208
62590834,56409333
25024458,16388333
14698416,13779167
15522625,14992917
13450417,11863666
55995125,15555750
48094417,15915292
53667417,49908667
60169667,55826917
49557625,13714417
27439292,11062875
13304750,11342875
48892583,46490375
76889875,75744792
41517958,16099958
43799250,31533750
37315375,14616958
16913000,15585042
73249500,52447500
31975541,16614792
14682708,11754333
20882417,12532916
33711000,15944375
23753292,21548583
24932583,9188500
27866666,12572875
45877208,12877541
12643750,8266667
13092500,12089042
14264792,13356041
16136416,7407750
12882459,11714583
11321875,10384917
96095125,94459542
16443583,10565375
33685708,20350042
14997500,7008083
9449667,8649084
19301334,11063250
21369375,8544334
14048792,9095541
23513916,22751667
16111667,7038708
11909292,7242167
20370208,12841917
14991792,10509292
15535083,10380000
16940209,11897000
16423666,8278875
27598125,9518334
16660500,8267459
45472458,36381584
10356250,9641125
12592958,11635000
65170542,41275917
16660000,11999583
19579875,9264791
15657458,9293583
20739958,10409500
13637125,12772917
14700792,8667625
10248917,7770209
21146750,11633042
47581958,39407167
11673959,11172750
11128750,6348458
13831250,12017250
14846166,9265833
21689625,12728000
12247209,11857792
12378458,11586584
19245083,10004042
31791334,10013542
18175000,10143833
28710333,18731750
16830416,7282000
35046791,16937167
39538958,31604542
24798792,15278208
24940291,14650708
24956292,11476417
24574583,8334417
9441291,8412334
27465166,16136625
23652125,8508958
13041750,7253292
8121375,7657166
7581000,6772250
12275417,7222000
39325666,14017625
26064000,24676208
17009083,11330041
8998459,8363250
28810500,9511875
13725250,8630542
24524583,14599834
15614917,10915834
8516333,7071292
19430459,18812417
26859042,10256167
27285875,20676083
27867917,11120458
49448125,9999583
20595000,9918958
24738292,11956458
8643625,7816084
12402584,7584959
12833958,7497916
9013917,8232291
22487291,14569333
9817292,8756292
23481708,12954083
14884500,13701541
18652250,10153791
16451833,15098583
22692667,13299625
15276250,14850542
72250834,71161625
30883958,12115458
44945125,33288500
38095292,16680666
40325458,21108416
39266041,11412541
57254000,54276583
12620125,10695166
25207500,24101667
55665541,34300333
54175792,33878292
39370125,23553375
48760583,31268583
39338417,24311334
43517542,10646291
13046333,11143833
17703291,16486875
14928500,11885750
80941416,47694000
9627542,8436750
81216625,12522500
36321625,16595500
16918917,15676417
117284500,13468458
13557791,10887125
74418917,26633708
25054542,6899500
22093833,8120792
45163792,8972291
30156417,9954250
25256083,9926958
30458166,13407583
29108375,12679791
11494250,10212833
26635250,9314500
70917583,67455667
28954916,12008334
10592750,9606584
19703417,7121375
44398625,9347875
31072542,14746208
21441459,9021583
22473792,8174125
26870333,13885625
9443959,8957666
79373458,54141958
24311834,9400375
18292750,7605250
8204750,7108167
16623500,15051750
23720459,7218209
27536541,16493708
8594667,7769042
15854042,12541416
24797958,9761167
20346084,19825250
27854042,12495833
8281750,7463375
10182875,9825583
32939875,13608458
45240709,15049042
19848625,8693875
24405625,8642292
23897792,7359041
26079458,10662958
27310334,11915041
39990542,8970916
11732167,11334958
26304333,7020291
40221125,25694000
28753041,9046625
21742625,7437417
24089458,6806250
9208583,8571417
14965750,14303958
20989708,20602334
11729625,10447500
96037208,45959917
25135667,8282292
25981292,9092250
37649542,6749167
50582750,12572750
7461250,6979500
8887959,8365208
41326625,24288042
12980083,12224333
22328958,6900209
25517791,10178709
44518292,10136625
24636625,9015750
41151500,7916333
28036917,12638625
17415084,16869250
47772583,7729833
28257334,9619709
24280417,11743584
8195000,7895583
11623291,10883333
25339042,8739709
18935083,9008167
11670208,10801958
39122959,9142667
15981500,12973125
9601708,7854667
14698541,13238958
15818708,9253834
19142875,6606458
26678333,11469084
19860166,6829750
24549042,9188667
25328500,6285625
34268042,15012250
8512833,7821500
14079416,13284500
30382167,9947417
13102500,11318042
92726958,58997750
20866791,13460958
47850709,9155917
42190584,10937583
11848625,11351084
31584375,18167250
13840375,13516750
35220708,9474125
12610166,9523292
12844791,9933125
35859291,8269708
33428917,10775167
36773125,14081250
15411042,14591416
28607083,8649125
28270125,9262666
27144000,9257750
56847542,40779959
30865000,13067041
28961125,8333584
29833459,8860667
9894791,8071458
27516375,7191458
67246250,13589250
24356292,7911708
39789917,39088833
23633917,9324167
24287750,8180500
7901292,6825958
24244083,11193542
23476375,7900250
13383334,12582042
42983625,10692625
11040791,10262167
15701041,14920917
43684125,11800250
43222500,7184750
31421833,7752167
56848583,43398083
50577709,38648125
33627708,7403250
35363000,8933917
33638125,8700209
29820875,6917542
62144833,20304041
13897917,12261375
43121875,42483833
28571459,6213625
26601625,6928375
11499375,11026959
32898958,9968917
33339375,13060375
9198500,8911041
51630000,28045000
68020125,46356834
32933750,11241833
9846458,9470667
37088916,14427750
26916500,7226959
27731500,8114542
30730791,12490334
10800833,9891583
26388416,9103750
24163833,7855291
9091667,8482625
25761458,9680000
74233667,27031083
26039667,8242792
26134750,8131917
8239250,7051666
27189708,9093292
59577084,15776291
30797834,9213625
7406583,7050000
39651625,7946250
25486792,7847459
24434791,7986834
22397834,8329291
25600542,8905792
23670709,9154792
37043667,17409416
10961917,10302000
28026500,9546834
26508583,8177167
19854500,19421834
9379917,8603500
48024250,12605791
31121417,11487958
26554333,8857375
23524042,8852500
38838084,19077583
26290166,6680458
25420125,7758875
52617458,18329208
26925875,9244917
26842000,7186917
66963042,13959125
27945000,10174292
10699375,9653041
34009833,14084500
25990667,6628875
13854375,13292292
27644041,10366708
41152000,15467000
26039166,8842667
31720584,11702208
33423458,17952333
71743416,17852000
53014041,18374000
27271666,6811334
27681417,8286667
34364292,10009959
38132458,12367250
12167875,11647042
50437709,11178500
38411208,11763084
32231250,6849125
35733167,10495417
9736709,9405042
28238125,10456917
14336542,13999708
53677625,39637250
26974750,10153417
28990208,6958042
7511042,7185250
34419125,11738166
34913917,12478750
49788917,8247375
27978500,9737834
52071500,10218000
39913709,21370458
22692000,9848500
28277542,11925167
36248084,18210292
22215500,8345458
23003041,9030417
26793291,10286458
28264208,13184417
26370292,7739375
12194792,12021875
23157458,10650834
29619334,13507917
49272042,32816750
26134250,9106916
22587917,22279583
26009542,8259542
35176000,17014750
12308125,11868625
39011708,25966167
30888875,14337333
29206834,7957875
22265125,6997333
12909375,12630000
37319792,6864167
28043833,10657666
42660875,11670583
27451125,14130583
21571125,7843000
28562000,11357417
22840833,7914500
64379167,12004042
7548291,7312334
25877667,9704667
8532791,7871042
26198458,14296084
27337583,11582625
25494917,10481125
30327167,15523125
28224667,12691167
41652084,24464542
30270791,7868833
51687917,14980042
33725542,11867000
36566458,15628292
54173291,18397917
31906833,10127333
10983542,10171167
36955416,8777667
9679292,8470000
40590125,17926333
12728500,12409958
32765333,9837917
71274250,7390375
18617208,16585042
41332917,11478667
11937500,11672125
15451042,15084709
15114875,12143792
13085042,12581584
62736041,11036291
30940583,10285458
33049917,12157958
28505833,15085834
27415500,9744959
31170625,12562292
59468416,8805166
15695916,14793958
65541209,22965834
33720667,12218083
9085000,8783458
73863000,22394375
26987208,7825416
38650208,17079541
41317875,20415292
32844333,8911958
25472959,25063042
39118417,13209333
31105458,10206750
55943667,23112958
36010250,12186542
29421166,8387208
11746125,11392042
12140875,11601000
11912959,11636708
13059625,12523416
52618500,10995000
28753334,11629375
13582375,13424542
9920333,9058792
37460958,22411709
11209208,10946500
33450750,9734416
50085875,8884208
8726083,8529041
36748625,13879375
48156041,13406500
32994541,9608583
23570875,7572791
50799666,11463167
27307625,8874334
31559416,10951166
67194083,7768292
33231125,16688750
12894417,12141167
28332083,9930041
65792375,26926167
29430000,7944833
44728667,7914958
33574291,11264083
25585625,8122791
28413584,8468333
16147000,15908084
51623166,9837709
9813542,9268292
48176792,11215958
13533291,13351000
30640041,8633375
29193625,6797833
50226084,7962000
16813167,15253709
39764167,17167916
54550166,14060083
35570208,7711000
31761709,8679459
34259292,9073708
11868125,11494917
55739916,6989000
37506375,7237583
9949583,9665792
63231875,46710333
32281417,8738834
33684541,10390542
20674667,6696709
59873917,11273792
31774208,10864458
42224917,15262167
28340083,12816042
9748084,9429709
25776208,8769792
29483791,13533750
24490375,7013875
7264208,6935375
28601459,12149875
50762042,12341750
49625500,7198417
30484541,8311250
8381250,7461250
23349583,23063625
46146875,27948000
41381291,19523125
29005041,8259250
33279667,11589084
28632375,9075333
64074084,23707791
65461459,25150375
30751458,13815500
31456125,13486959
29409250,7832333
30229125,9897584
32522333,14905458
8115458,7164584
12478459,10559917
12078083,10854458
13487792,11823292
47647375,13729709
73447958,50087916
9753583,9291166
26340542,9058750
52857416,7191375
26205334,9719208
63385000,13107208
78607375,6852625
81407167,8793416
26127208,8103125
11601917,11272583
33693917,11062708
34683209,31992625
21278166,7944458
44364333,22617708
32598958,11703875
10180875,9738208
24018875,8267375
28223375,12649875
29855167,9915000
29917959,9294833
30918875,11700458
44346208,23586500
11232833,11072958
26008292,10618667
28305584,9973584
28492583,9308667
62927750,6802625
12465833,12266250
27227666,9111875
26343584,8374375
34701667,14073833
50375041,15297084
29353833,11778375
29482792,11233292
16139208,10708084
26390791,7217833
31499125,11149958
30486709,12946750
32564000,14985542
12145292,10061500
34540708,11939792
10625000,9525542
24298667,6977125
37270667,12974166
37075667,13148958
31003458,9019833
34158791,11567250
32494416,9641000
36057875,12979791
77073041,22340833
30667458,10486208
52577917,11695250
26792125,8611042
21811834,7323583
23615083,8330875
22968875,7721458
47569291,12370958
47537292,11399541
25387958,8303916
31287833,13570708
12988375,12368667
26309000,9967084
43698375,9666292
53404625,17881583
32117042,10815375
29695959,8305250
15740542,12678875
10771833,10480958
30633291,7275625
37553250,16326709
8746458,7447209
39836417,12855792
12772666,12533041
36206459,10551334
65032292,26622208
40676042,11703583
35936000,5983417
12939042,11252417
10202042,9786750
14604917,14245417
39141292,8333958
40741917,10463000
11241416,10829542
64094875,13784583
37346875,11413250
65202708,12967125
44318375,13625333
46382291,16604708
68759500,40126667
37133375,9521416
18350542,17479208
45785875,17755292
27386375,6232541
46366709,17805875
24269750,6506834
28511000,9138083
15285208,15123875
45288084,17514458
13831000,12803791
87162875,11240000
38600375,18857875
27730875,11465917
85547500,8044583
27581375,10455584
61609542,11501167
10273666,10026833
11669459,11281375
34926209,9996834
59855959,14561250
41573083,16405042
50469542,8874500
38267667,12572500
35940959,11042625
9874208,9312208
27185500,9787500
28841542,12241833
55187792,7292209
31569250,7009583
34778584,10196791
8432292,8259500
37480042,14092834
28632000,7670500
36486959,14817333
57453084,35590916
28313916,7792583
28200584,8169292
57276875,33512666
35614375,14528083
31363375,14312667
30686917,10783042
35173292,12569000
51369459,11352000
12082875,11750542
31579500,12907625
10607333,10450792
25601625,8665291
9946875,9540375
30229292,14040709
8981667,8659750
16875500,16435542
32771916,10865583
33878667,11917041
47145834,8683208
67151792,10297541
37397125,14144709
31879458,11443625
52858542,12573375
47659708,7798084
33588291,9142792
61076041,40974833
52585250,9180417
9428125,9190583
35803333,13485791
31633000,11139083
27265583,8750042
24440583,6608959
50106542,12491584
31525292,13167791
29451041,13227458
9542000,8946000
9299459,8749042
27626958,9800250
28783500,11467208
10567875,8581500
31573333,13486791
7340334,6904750
29830625,8317625
34208375,11581292
35956333,14582792
25864916,8782291
55047083,14549459
35352833,14904833
28726291,9905959
30655125,11302333
6803792,6445666
53564584,14404417
27587834,8366833
34762209,11567250
28266334,9343917
28082541,9158167
35404375,11533458
29197875,11536709
26730458,8094709
33248208,13194625
27967000,11978875
33034584,13194334
7656875,7434291
8322417,8087125
32589792,9502583
32899125,10837292
38422416,15473625
30353750,13348625
62000292,41711500
33140250,11341625
33746875,10302667
26639292,7462708
37207208,13538958
30219833,9741542
43233042,7855875
18716666,6738791
20330625,7243083
21741333,7839459
26516250,11515917
12089583,11761333
44854375,8702750
25830708,8889334
30864625,14585208
67213083,12781416
26776375,7092583
51767583,10056875
43732875,9479250
14036958,13456541
34402041,10995458
45925750,45556625
32763625,11606750
14204583,13895458
31854125,11495917
13582083,12815125
32092000,13806041
13803667,11284500
31594833,7895542
54548417,11259084
10349125,10119541
10291458,9731208
33668167,12549417
10971834,10675792
8054250,7835833
63078458,16316041
53236542,13581708
14856000,11108375
27806542,9103958
31435625,12286166
62457750,7657667
52648750,13694416
9869125,9634667
32374250,14328791
29334750,9151750
49203209,9780208
35939959,20024916
50862334,32662417
33165209,9198542
34303792,10235709
34378584,7510875
33922042,8033541
36818125,6921625
75917250,10739458
7855125,7086125
11875958,11457167
11661833,11278042
92926250,53783333
71033792,30169250
22801083,8410417
9524875,9270042
23409500,9195500
70814917,50441625
27307042,12434958
27654500,12031209
33201333,32794791
36678333,6819541
37398666,6674125
15032250,12631083
28968833,10899125
14328667,13608667
12734166,8496292
45482542,13567208
23876958,6970375
48260709,32311334
33850458,11316291
32285833,14425167
29629584,9156291
52963083,9373875
32314709,12447042
51651958,14800875
8429708,7905667
33517334,11484250
35248125,13594542
27988917,8834375
32664208,10537000
34007208,12723083
34121666,13776958
13751083,13106750
37346000,15821875
13989833,12204625
11267584,10526416
35277000,7816250
36156417,9685250
37768458,10450167
31233750,6883000
30709791,6548250
38664166,13237417
28724042,8387750
32852042,11920291
26129916,8214458
48904542,8024125
26965416,11588791
25831417,8650250
26809334,10112875
30283500,13612709
23095334,8312875
25378750,9973083
26001708,6990667
24507292,7901292
9964542,8157500
28644167,11293250
31434583,14419542
30185292,10095000
25332292,8172875
29292708,10640291
41684500,9036250
28434542,10257792
30905542,9162250
46761167,13466083
30634708,11081458
12444500,12126500
41512875,7042292
29219292,11308792
31710833,12943208
23418750,6427833
24297542,7140167
26959750,8852041
25469541,7963041
29186833,10870208
33284917,15011458
8091500,7790375
28057834,6743958
49382458,9840875
9554041,8953000
31617042,10566000
31575041,9111375
8937709,8668250
29261875,8145083
35748875,35349667
31217584,10752750
11179750,10803000
32160083,10987208
31383458,13425083
13697375,12044167
32263583,12707584
32974041,12389583
29740583,10767209
12299167,11742458
29284041,9244625
50989125,12726625
66666209,9632000
26937333,9953250
46910833,28222417
10772209,10660666
29643833,9981083
30976792,11457459
37666042,16551834
28873291,8319166
98568958,22955000
63789541,9319458
44263125,25915875
27825000,8521250
33390833,13284834
30141333,10402542
39736125,19853750
29974042,10258417
11555125,11320000
24798291,9030000
32916209,13414083
20569125,6719708
7771417,6708083
20738667,8345666
26962666,12523292
64748542,11791667
27453375,14145500
28476625,11526458
8391917,8043000
13131333,12898792
47539459,14465375
27541625,12930209
29974833,12721750
41388333,10196250
29209041,12359500
34881792,19400750
27049083,12527750
30793125,11710459
31029125,11433208
7705125,7421541
41483042,8113917
44369583,8925834
26544792,10264083
29223667,11019333
29660208,9791417
8462333,7573625
26779792,7896667
27402583,9052041
13705708,12388792
34668000,19528041
18919917,18684834
28203833,7914292
21497333,8976417
44351542,10421292
22992917,22715625
42293959,11813958
21302166,9158209
11937500,11808709
47119167,7893500
23408292,23227792
115690916,17855750
93768750,10239708
45770500,10576875
27103000,11275291
28672625,13730917
44584084,9934000
28441125,7422209
53194583,13142959
11193958,10921292
22841958,7639375
26871041,11735667
26718666,9146541
22075292,10373917
32586000,14191292
29967208,17130666
26685875,15082417
23819625,6487667
24631959,24353375
24161416,6182416
40383834,24604125
65652875,32594792
31735125,9473250
28065167,9327917
28429125,8674958
49753084,20015125
47728917,28400375
29142417,7531250
43735125,6217958
26575417,6253375
36238625,13862958
10422875,10221542
52655166,35673084
62249333,20811167
30513291,7776792
32543667,12636000
31684958,9698042
12402333,9568041
10658000,9828208
41655375,19876167
40167333,11558708
61996125,10141500
43853875,14656916
40253666,11771666
31087750,9598083
39668333,13157000
55088500,8081375
32710291,10092625
10447375,9028625
61481708,8936958
10071875,8905167
32669917,10153417
67149375,19369458
60770750,8625959
10934917,9634250
49505834,49041542
10743959,10082166
15792042,13904167
33091833,8998500
39281625,12423917
57268375,12714250
48387541,7513083
55356292,11769291
40742000,18049584
23950375,10844167
47374583,7429750
26268375,12862542
25380375,9112042
20067792,19113167
27202125,8801166
44792625,9029541
9352667,8841083
42264500,8918375
20349916,20124292
30160334,10528750
47351833,9220458
10237125,9794625
51770458,18154792
31047375,10420542
10268375,8089959
26163542,8443417
30377083,7750750
11032792,10445042
9152834,8346167
56732041,15706583
19037917,17495417
35837166,7204000
41469333,17989791
38363583,8804625
57390209,36056042
55881458,27674917
60816500,9447417
41969250,11444542
12832125,11501459
47754208,14671625
44137125,8689333
47374500,8724583
43725875,8521875
82487042,34264084
69107000,43616125
44907375,11006708
9740292,9079958
28423250,8001583
34803416,10245917
36285833,12157208
10201458,9876500
55698625,20645709
36941208,13504833
6659959,6373375
31705292,9230584
26281791,7437250
32730375,10160042
41297000,22193083
12320958,12000917
39538375,38575583
32836917,10984833
8633875,8403542
37231417,18650667
57781042,8667250
36391334,12044667
39892292,10865166
57196708,12287167
43454292,18296833
9262334,9006916
33337750,12454709
23891833,9601667
7228583,6810750
29407917,14173041
23673500,7484542
12604834,12290750
32991333,13488458
12926708,12746375
28428375,10261208
26503083,7983250
49690542,27693084
29331000,10711417
14788667,14057416
54582000,13666833
52339542,11652708
27059167,8349417
28981250,10877750
25161666,10601208
23929042,11637250
7599333,7220709
26678166,12528958
21945792,9080583
22023334,9198167
21889292,7521333
43851292,10052791
25475875,8738042
9207500,8993375
9212209,9066500
16733834,16578625
9263167,9099541
60062667,11630167
10186750,10003708
30163375,10625375
35500542,16290708
60085541,7971667
13933917,12330041
31275083,9953458
32077250,11208500
21898958,19985125
9067917,7335875
14399833,14006875
62935708,8897250
36821917,11916291
37111375,13104250
56328167,10497000
11085542,9077667
36099459,6965209
40665416,12102791
12877000,12229083
39360125,13090166
60433917,11028709
36235083,10947333
45627958,44390084
35159166,8766125
30003625,8795000
53321875,8408541
78854917,10645792
39410625,12171041
19021625,7995167
28725084,11207625
24644333,12008542
34490458,16353292
51687375,14431292
48952625,9520833
35140084,13762458
41920209,22093292
37592125,15244166
38181042,11023500
51361917,39125708
44300500,13782416
63711916,24847333
13252833,12465250
14934084,14229334
40160291,8295083
50917125,14832833
9959000,7577625
49660209,15852584
59334125,21531042
49047542,12550584
39111458,9909333
40541333,11259542
68434958,11280833
14628167,13210750
70376958,6917625
40505250,12762708
28236250,8186292
41360209,13011500
56197500,11683791
35860292,35218250
11278542,9423500
26143084,9516459
35222750,15324459
27009917,7759083
55196792,9063625
33510542,13818542
27623292,8121792
32009542,12095125
30115500,9879791
34637584,14770458
88867459,10751166
10204333,9670583
39347667,10170042
31836458,8095250
33709875,8615250
34646916,6276542
18392917,16873750
37542916,14063500
41758417,15733291
38387417,10468958
79824375,55681333
27393709,6306541
27233500,6259417
46479125,16630708
57574416,12292667
43560083,16713167
29382625,11653208
24235375,11500750
31659417,13747875
11100958,10480917
26760792,12108666
26950500,8580083
30361709,16448209
34549458,10164667
29432000,10806291
65582375,38563083
47030667,11183667
33799292,13789834
31756916,10289917
69948042,6935834
24558708,9370833
30871250,12385417
32815417,12796375
24593708,7659916
28993917,11793708
29570750,8134542
6991375,6288708
8974875,8462542
27949375,7030375
57040333,21937334
23216584,22539792
27769917,7021959
43916584,9892667
33398083,11817834
47743791,13145000
25545000,7230458
24261500,8232834
37132417,16313917
34593208,17711333
30862917,15174125
47200292,25361375
11700666,10055375
27281084,9700042
35450542,13653541
10389541,9945958
34167750,11984667
34654500,13123125
35263667,13352250
33987791,10824583
46743375,9345792
30138000,9627375
11755208,11028292
48091292,10818250
32007708,12414750
65342125,47197666
10419167,9795833
57249541,12339375
37463375,13020583
35257583,10348417
61859584,16119375
32212792,11012750
93521791,10778917
36378083,11941042
7014292,6735459
33917959,9037750
61037500,11356500
32503583,12904375
13384417,13202917
28747917,11744208
24110916,6336333
29005750,10703833
24888500,9114625
26286792,10702959
13067291,11161666
10086417,9850958
47646834,6797958
74874625,11962042
46861167,7365500
52274000,11386750
32787750,9318667
31833875,9271291
11470125,10937208
51686875,15251709
33935250,8119042
31187458,7583667
32196583,8691041
37684959,13250584
39473375,13230583
8771750,7570500
7619167,6968750
38706000,8296750
41462500,10970125
33332458,6547458
75586083,55488208
37151708,10720750
66907375,15128292
37659208,7309125
45238833,13258792
36004625,8850334
52876125,52322167
32692875,6763417
11615000,9892791
13982084,12285917
59519500,16237250
14103375,12478250
18137333,16293000
23048750,8582333
23187625,10648542
24296709,9843500
27309042,7918584
29797625,7048583
66224500,39726375
66050542,39691042
39670000,37675000
23987583,6441000
13524625,12432375
41112584,18161584
26660166,7897208
42658875,16299417
43844125,11996666
53178042,13195042
40533375,6693541
35377000,10645834
37710917,13448958
59406209,36592833
60610167,16105583
35024166,14434833
33693250,8864625
34809791,12863958
35948500,12762916
37116375,14037750
26746125,6469458
27432459,6824709
31398625,9953417
7611167,7272375
9785875,9544625
32198750,12819417
29417375,12018792
31330666,14102500
24708250,10070750
42017750,6997208
12813667,9068292
54256250,16025542
27398917,9052917
49981208,11333666
34085625,15854667
29912500,10380625
32447875,13138125
15727167,15092625
50265917,6245167
56437208,13067125
37886416,11013959
14420041,14138500
49526833,8497500
51679792,10386208
8988834,8788542
31904375,10739625
36805959,12404125
7639750,6810375
26689875,7072167
37539125,12150250
41599250,16188500
29967667,9020833
74712292,9408709
11309208,9106916
29606459,7476542
30284750,7041042
32510791,10840958
11731084,10064000
27150375,6565250
53633417,8847750
14514916,13821666
29816500,9285917
9254291,6726459
32305667,7900250
30638583,9245000
37778541,16133000
17302125,16348292
7305416,6781750
7841625,7596833
28892542,7454208
12479333,12006417
35275708,11779834
31207125,9749000
8615333,7935333
8790125,8198125
8935125,8435708
13144042,12547292
74616000,13590167
8115291,6999166
36407958,15650542
34984916,11999458
33901084,9069084
34277583,9600000
8881875,8669417
39301166,9695083
58295709,31945875
63383834,12930250
27428375,27190208
95302875,9139334
36573375,10994292
39761416,11959541
39562625,11685250
27834125,8126125
61459375,11592458
11204459,11091292
59825000,29235833
33249291,12408417
16979708,16849083
33835875,12061833
31833458,8031834
83373625,10919833
35549083,11693333
34534584,10396792
21693375,6082042
34716708,10483875
7469208,7275333
9989292,9864166
31025541,11885125
53647208,13334333
26494584,8876209
33398667,16742833
28380750,12400042
23545833,7712791
22848250,7851625
24890084,10089625
26613833,11390083
13443834,13178792
49198958,7849166
30077292,9493583
11145583,10673500
50133500,9990375
8680125,8179667
8049417,7791459
36168083,12134667
33167791,13616750
22809833,6275542
26057042,9766333
33820917,15201125
7475750,7236500
26091750,10425792
28677334,9555000
34099000,17828667
24025250,6503834
30700667,10575375
50686708,11726416
44219625,11023291
25433209,8448000
45091166,12963209
29700833,7735083
79766459,22963333
31035708,9468459
96859833,22993250
29273709,11912250
28681667,6867959
30918833,9864750
68410083,9310875
35997125,16237916
33130208,14032833
34914125,10957667
35148250,9512709
27042833,8774083
24482625,8136000
28505917,10820167
12958333,12562000
10720750,7743000
15608000,15380250
43412833,17256791
29744208,8031792
12251625,12133750
8097333,7253167
29710000,12225709
31952167,11243708
40389417,19050084
35017208,15841875
10355375,10215334
36807458,13054458
54309042,9187833
55458125,10955667
55913500,11357833
52904833,9550875
22043667,6436792
44508500,6268292
32236542,11942084
43186667,14920291
12022125,11862541
23779875,7499959
26144375,8976041
7440584,7344750
11135000,10730500
26439833,8866375
27780083,10653625
10568042,10335542
28794417,12105042
50616000,10613875
9047083,8661708
14383250,14266166
17166750,15845250
57430125,36850167
10885709,10727334
35550791,11187458
37114958,8834041
58299375,15107042
31920875,7507750
9757375,9609167
11628125,11491791
29582833,7275000
34006541,10204541
40135125,15551083
23807500,7107125
30018125,10186042
53822625,11397875
20635917,7365417
32032584,11529750
53440500,11408917
26707958,12758125
27769916,10210500
27674541,8219917
12512250,12309583
27398917,9618542
29992959,9742417
30700583,12338709
29909167,6833750
8236417,7837625
87185458,27396667
33993750,13335833
31696209,11743792
31991584,9977917
34927458,10612625
31695083,7539709
56001625,38060375
44896083,6617542
14242375,13569333
38322750,15109333
47021792,9299250
29065250,9238541
8322708,8066875
28649500,9292583
31852542,13025708
29098166,7382833
13106792,12804833
32890833,12774083
25330041,7382792
11087667,10413209
55857917,13806375
26457625,25567625
12265458,11765667
33893458,12360916
49349541,11865792
8568458,8005458
41793000,22880833
9083458,8854084
33551417,10202000
68818459,10004208
64221833,26489334
29170208,9406250
33565959,12153000
54543208,36147541
37239042,13214958
72909583,27465666
58139750,20081041
37913500,11801917
60570458,14890750
41056625,17118041
37691375,9706708
38212375,10043125
37545167,11177833
8036167,7879500
39698083,12793875
6533833,6290542
16085708,12633375
11926000,11606333
10894250,10667875
27161334,11209666
16904208,16637125
33003500,12571792
36641959,9595334
37225333,16711666
37043875,10206750
56707208,11095000
41266917,25229416
77360042,10431125
35044000,8666959
47214209,7841375
47734500,8813292
51768083,35808042
40511875,14636708
50620167,24869792
12847542,12660375
34363208,13854167
46461916,19307459
35320375,14970791
31245833,8870875
9660584,7048917
34041375,14242250
34727959,15049917
39539292,10011833
58952958,6609292
13466583,12876875
43779333,16945250
59987167,9235000
40396209,13411750
38193792,10270791
14272000,13926958
29332667,8127750
39189583,13034291
9572500,9399958
71097709,45794292
11265042,11016250
62183875,12699625
8965042,8444791
36906375,10395167
38584333,14596375
35952458,9997667
46028417,6595584
43891750,17450042
11262250,11086125
48715125,9982833
23721375,10221417
53990792,12504458
14946458,14710166
12331000,10871125
30207917,12286500
31157500,10606667
26618584,9387000
9415750,9145792
17212750,15710042
47139750,8152250
52622959,9577542
59319292,13465458
11125334,10888125
27363333,6355125
31049833,8692042
14165375,12957917
47139959,8719209
36202375,14789666
58000708,16364416
30619750,30349000
78494334,11130000
58481083,11870084
7805875,6543167
39416750,16954625
48019542,6393417
27401667,6804375
30828084,10745959
41812417,19354250
32082500,11191375
10557666,9821208
36576750,10854500
30875625,7819500
13506709,13082708
27578208,7457166
80460875,11131709
34748708,12525959
41915917,7868333
40593416,17921375
27453583,12304958
30204750,9694708
32719750,11291416
31305500,11640916
69451833,8047209
29027166,10569458
48335417,27325708
32168042,12416875
16951666,16685667
29140666,9085041
28819458,10611084
28476084,11129334
40553417,18312083
27248666,10004750
22337208,8779750
22730917,7971500
22965334,7797125
24876167,12419916
23574875,9973917
51708541,12435292
43357875,10654709
11560500,11262084
11917875,10554291
24433000,7914833
57351416,8167542
30865459,14441833
79482541,10962458
29650542,12733583
33224334,13841083
27682333,8424500
46674458,8612500
33960667,14156709
9174083,8563917
58010000,38681500
57315333,37418250
50900375,11896750
49945292,8328291
51920541,9878417
52544125,11403125
32830791,8089875
34699166,11800917
24270625,7996500
14095292,13830834
27206166,11669125
23401958,10745125
9762666,9370750
51550875,10489167
26278792,10768625
27542833,10107583
43416333,9483709
51686333,13282458
30617750,12288125
45535583,31312375
41528625,11088291
31780000,13250458
45040500,13356834
33448166,14343667
27481041,7762917
33015625,12040625
36415000,14144250
30095042,10165917
10302958,10029875
30054041,10240542
12773958,12626709
33699625,9676958
27963375,9390625
36383667,12179833
31399334,11995583
32222250,12395625
10263125,9093041
32691834,11180667
11548416,11065916
26840500,7413125
27525583,7174083
30925209,13435041
46894958,8232375
63918416,21839709
9804167,9564791
35623417,9714209
38262375,15083458
43146208,24029417
56021334,12017667
11822625,10683917
50532875,7219083
32843041,7868917
12584750,12278542
31237167,8995792
28715334,6663416
39453375,14695458
54709875,10564875
32196541,8619959
33297625,13161500
14287958,12531500
32923916,12020041
12606500,12317542
35707625,14143333
30986958,7324167
32696583,8857500
33681209,10689583
38175666,12493291
61952000,38967125
27716500,7983792
29571459,9161708
11849083,11502167
72699417,11299542
7552167,7246709
34539084,12208917
53001666,10132666
32721917,9884500
31671625,13428750
38633500,16382250
30288000,9523208
30790958,10098958
56219625,11559542
31550167,7413333
34735333,14371000
32388083,13259084
23197042,9782208
23682875,10122750
34338250,14504458
14332250,13209667
25129417,10147625
10810500,10268917
33080792,17849334
27617000,8592291
30333750,14286042
44049583,9118250
35276542,10975083
66819500,8942542
49252542,13788958
28187583,9933000
35588875,13437792
38687084,14970458
32409042,10861709
31010542,9556292
38905709,38260375
33786000,12004708
34867166,12425917
36545750,10050250
80317917,43054041
42021625,15712792
30883709,6572000
34843792,34441041
32037750,7860916
92961084,11485792
38909792,13735250
41327750,13355792
31680375,10635750
30689833,11217125
30935750,11967208
63367500,12028666
14228292,13643000
54931166,26514125
39104084,38874542
39335417,14244167
12457250,12214375
55270125,18496250
24326125,10764625
26012125,12625958
15571500,14808000
15184292,14976125
32136500,6622958
10589459,10442833
34957541,15135708
22585125,21822583
33898250,8182583
37768125,13811375
8365458,7777666
40953834,10294125
10830583,10615667
45858625,21884125
13051167,11390542
29009209,11721875
8036000,7843875
56453083,9767333
33389208,10710500
57814667,7503333
59743458,21600125
34624792,13351041
32448500,13614791
28479417,9160250
23259583,8580958
11429292,11071291
12443792,12219416
24445875,8205041
27707083,7745291
50104458,8647500
34263833,13721417
56831250,13677750
43602833,8249833
88711584,37966834
30943250,8619334
31078542,12488209
45255250,12787250
35542333,16889416
9791833,9623833
31930708,11033500
29837042,8094208
36392917,14246250
12098959,11627500
13688584,13460000
36489833,14694375
36890833,12565375
8360625,8219291
41852041,17935542
34799458,10461916
38164208,12765667
43517834,18939833
53810500,13089750
40500292,16700625
7704208,7496583
31979917,10050500
32810750,8628417
37521792,9932209
8513666,8294000
35929834,8793875
38589750,9813125
33727500,7800791
33317167,7207250
36449166,12165416
36856833,12418500
40175917,15326708
30994167,10193250
30971792,8106375
33377708,14445250
11221750,9452834
35048167,10195875
39236000,13059916
40025042,39701042
62749667,18022666
31630083,8421084
32362916,9092791
35027667,12466375
10972292,10699000
26040292,6544000
63118041,10030125
26670375,6653291
12672250,12542792
55460917,13584958
28042125,7854875
27746166,8120416
11576875,11364458
37687708,18606833
27169000,10704000
24377625,24064917
26559542,9836625
51576042,8931834
28083375,7934708
30273291,14200000
28879000,8779333
24661708,8283416
45456333,9104750
32993959,12282416
11046458,10808958
29902458,12369292
27625333,9156416
31307500,11534708
25256666,8102084
23370375,7464625
10680875,10296166
32897500,14454125
29062584,12050583
12473916,12261958
40589208,22284458
22812417,7722500
11610917,11123291
22431292,7276250
27216583,10763333
97848250,7451208
27928334,8896250
25054167,8398542
38855833,22128250
9244833,8986625
42284667,11463542
48770417,15324083
29131333,11652500
29266709,10520458
21318666,6452125
29864875,10850833
8771083,8639000
23656750,10017542
20586583,9395375
21325291,8988250
7530375,7293250
23144792,12500042
12818625,11049000
31562334,17910000
24218375,9558875
42822167,10760209
8697208,8472583
41947084,10000666
30372291,11985625
73782083,11058000
10887125,10613708
20319083,19787333
30047292,8811375
29287625,7168542
40195125,6680916
25584750,6712458
14057958,13900750
7970167,7838833
9367083,9089791
30321625,13247584
27418125,7521750
9195125,9011500
64425792,15073542
23809458,7738000
24713458,8609292
49352000,11166958
23896333,8563667
39842375,7391500
28811334,12761833
15409167,15089833
8109416,7568583
29624041,11150208
23423542,8776167
24386250,9499959
24604375,9000375
39915042,22837542
33544209,17813167
59953084,9605167
22033417,21612417
22783791,8741584
23026500,9301666
26067291,11179041
9394250,9288833
44045708,16771125
40036000,6857291
26895417,9307375
32022167,12541416
22608333,8700667
26999125,11122833
24625584,8931166
25320042,10234292
21948417,10356958
11132250,10315208
24205583,10781792
23338917,7546709
24749000,8324584
33853458,17581792
49024250,16622083
30233000,10115167
26913333,8579375
10423042,9322541
27366208,10592625
85928625,9645750
25253542,9829208
28863459,12043458
24928708,9128708
28095250,10950792
11039542,10937625
7912250,7753750
25448334,11721333
23470000,9742000
22429916,8300750
39996459,9999083
10818958,10716500
10468041,9985375
13702333,11742708
26308791,11101334
11173583,10718166
27615958,12895125
9531917,9423708
40606542,7472334
22176584,7150250
33234625,19155458
27316125,10064750
31724083,11573583
50340916,6770584
11800375,11631458
39093708,6152458
28063750,9008792
20454542,7789417
30112167,11482459
45490250,16209125
43950833,10547000
29474208,11610834
22688916,8606125
79137292,11297666
38724250,22830834
17924250,6675334
27674250,11865292
21879875,11348750
23722833,12050750
30671583,18971334
7191042,6987292
30178791,19902584
49194416,11622667
42645084,8732459
10171375,9751458
47149750,13672416
35237042,18089917
8779166,8704917
7847375,7629916
46249667,10834458
6626541,6531000
36520500,9885792
53663208,16850125
10515500,10281500
40496042,13542833
32367667,8573084
38901167,11440667
69702500,8554875
9350334,9021583
35996459,10700292
70639125,9328667
34159500,10014958
33607291,10720958
30103958,10085958
51559583,24106709
33701542,15217958
26464291,9422959
23039875,9129958
28035041,11046292
11704667,11274709
13558292,13392834
27695958,14568084
28609250,12253417
43726583,7603542
29206042,8898000
49275292,13222625
17692042,17528541
10008416,9750000
71869750,10135375
33697583,11423500
48341833,10633083
26763750,8979250
30630709,11158667
18166084,7619875
41018041,8234166
50761125,30746709
27000542,12254667
38128042,8943375
10465917,10204542
10447167,10004875
44381541,14629584
13224542,13020875
12140625,11841000
10368292,10022083
24377375,8353666
11709875,11468042
25662542,10753125
68226792,37308667
27167875,13313625
30667208,12560333
30528792,12390209
62404458,49148750
25597250,6147458
13187250,12977541
27347375,7799584
13312208,12762417
27491417,8790292
13205958,12968583
28864750,8214709
20299125,19844916
50597250,12251083
51562583,10413917
27289958,10476291
28086250,9122167
55330625,10982000
31886917,10012833
25670792,8292250
27880417,11939291
27941250,10669958
54628167,16156041
21282500,20969458
28885000,11602458
23718541,7844584
26300958,10184750
28864958,12270625
10783375,10580667
23378041,8672416
26866375,11359042
32476541,17724041
50772167,7635167
12785667,12606750
27662625,12697542
14883250,6944250
19087875,9434209
52298292,9294708
10452625,10273583
33549625,9426333
9712750,8358875
39509042,11558333
38530292,7750417
8679583,7995792
30929750,16201625
34919542,34648959
44516000,15100500
15879750,15587333
29453083,10795250
27736666,9796834
24958375,7874833
28538709,10832125
7309667,7161042
43599584,13427625
28944209,9526958
31249000,13457458
16970042,7960042
21753167,9709375
22724042,11083875
12411542,12173875
20862875,9170875
33969292,19640375
21878125,10649708
22584208,10681500
10422875,10123709
29509791,6976000
25312750,11584250
24615792,11665250
21727750,9023375
10380458,10280709
51827792,8327167
23794958,8980333
25805458,13119792
48193416,8250708
22747959,7980125
27986167,10809041
9770917,9662584
22940958,8829000
9104084,8853333
26233625,12261708
11366834,11155125
25448833,9030500
9606584,9368834
22056625,8013625
23910542,8694500
28341708,28159042
27363875,13288875
9381875,9245292
37776500,8457250
29091708,10874000
9051875,8424708
22332292,6692375
21703333,6690458
42247667,13243250
22005500,6948666
42144375,24924292
26844084,11526041
7077958,6855250
40295459,8590750
22789667,8517875
29917708,11946042
22658083,10096292
12064667,11796333
8784708,8550083
19782417,9028833
22139083,10692667
29504792,14309458
23368625,12851291
22848708,10200375
10501791,8489541
23070000,8720000
33815208,10999667
24564042,8864583
26281875,12718041
23674417,9887333
46411958,9461000
25406291,11669417
21294083,7565500
52208667,26088625
25921958,12563375
25806833,10897417
25640292,11611750
25637542,10661917
23749334,9680875
15780959,6412500
23897458,11268750
7711375,7526541
11438583,10955375
18578875,8482375
23495208,13528584
16558000,15106166
14861833,14671583
31818500,8632292
9069792,8873334
40177417,11715542
31989584,9591208
32503583,8164125
8848000,8418500
30478959,17268375
20146583,8119500
26578958,11160834
10788417,10618583
14341125,14244583
25236125,10613542
10877000,10702292
27420625,10728833
8886459,8432708
27056916,9387333
26865208,9506625
25560041,8420375
12995875,12500917
9471166,9016625
44443000,27924042
31133167,16503834
18246125,10567542
21701042,11286667
38314042,12355750
15950625,10006459
33008916,10645125
10727750,9122958
33853375,9468584
21378667,10146750
64275708,10754125
27244209,13835125
38294250,10520167
11195250,11016417
22010416,9224000
19028167,7635541
52975334,11321417
21546375,10151917
78616042,12813792
19290000,6951416
19399125,6541125
22534667,11589833
29518541,13883375
22555750,8595458
24180833,11689875
13487667,13308334
19488791,7275333
26566792,12891667
21151958,11005416
21230709,9308625
22426292,9355708
23403208,11893416
8223792,8007166
26605166,10450000
33696083,23677708
23953833,8226667
26939042,11661250
24896250,10761000
11284042,11172584
22186833,9347708
26013708,11630166
31897958,6481375
14100500,13843875
22680875,9648000
35422083,10049500
25677666,12354959
21267542,10749459
23337334,13192500
35716208,23647667
19724791,6998416
24278625,10069417
22066208,9715958
23333666,10029875
20009333,9340125
20576292,10539375
19700167,9201417
28731917,16553541
34020291,21511209
18744167,6389625
19299916,6130459
28835792,19583084
20493417,7346542
26351792,11903334
24066292,11565958
25467917,13289541
18131875,6938375
21222375,9275041
41083500,27937334
26488000,14386792
23456417,9648541
18738958,9046333
28682000,17431667
20741667,9340125
21333542,8990375
34412875,22023750
16578250,6665375
15888208,6980042
25601042,12832292
26042541,11762917
17311375,8781875
10364375,10124167
26546791,12783250
18031875,7345792
18822458,8411167
18176250,8531208
22359333,11018417
21792542,10296625
16552917,6881292
17751458,9078917
19478250,12628500
15902875,8427583
25423833,14213625
26137584,17422042
21564750,10536250
12047834,6643500
22174625,10058625
10153167,10072834
18370167,9642500
19344667,10028417
10392625,6102708
11132125,6996833
29103625,18185958
32713333,11355500
19573292,11197125
13347250,7843958
22283000,12229459
22583542,14041917
11706000,6922709
12153250,7426250
13556917,7383750
21838458,13493292
24083333,14823833
25888250,15095625
18672708,13051750
15735875,7825250
16044791,8447333
18477875,9632334
15331666,11079792
16767709,12657833
11217041,7075833
14858792,12692833
14376750,10577375
15269167,10544209
12582208,11306459
17868959,16237625
17517084,9748792
11630041,11483291
12132125,11889583
12648583,11972375
12745083,12571958
13586417,13300041
14747083,12170917
15927000,13423541
8191417,7450833
7690583,7377125
8084500,6193791
7438959,6255125
23587916,11592541
14567250,13992000
13770334,13097958
7973083,7164417
8254208,7175958
15816666,11215083
12852667,12600209
35167167,34959250
10291292,8190792
11525208,10760375
15722167,12162500
10701291,9273875
17567792,16175583
13937042,11646375
11180292,9584667
14531875,12633042
9624458,9560625
9090750,9024083
9594875,9531291
9238042,9175333
12746917,12639583
7166791,7100250
12283042,11860375
11767042,11691666
7962125,7864833
11892750,11827000
10916792,10850583
13943208,13839334
7304500,7234250
10615667,10528875
11076292,10974625
10603042,10524083
7949333,7859375
7895833,7817542
8873375,8809917
7400417,7332416
10379250,10239167
6780750,6712667
8754625,8558208
7683000,7614708
6375334,6307542
7711000,7638250
7341334,7272084
6508666,6433042
6853042,6784791
6616958,6451833
6808959,6740083
7710334,7640709
7059458,6992000
7495625,7423417
7024209,6931958
6446542,6382084
6791291,6707708
6143291,6076875
8618125,8542125
6728375,6663583
6155834,6080667
6157667,6088541
6112875,6046083
5683834,5620750
5586792,5525250
5633875,5548375
5972292,5905083
