25849792,4764709
4080875,3367542
2456334,1840000
2183750,1582708
2865583,1975417
14828416,2474041
3173875,2490667
4057500,2844542
2494042,1738417
3689417,2479291
4106334,3348209
2890000,1790125
2721875,1886875
2432583,1470792
2533750,1515458
2161750,1597333
2143625,1619750
3288709,2340459
3671917,2773750
1385292,603209
4017375,2949416
2859250,1878500
3000417,2219291
3788958,3249041
3027875,2542917
16986208,2367958
2703584,1971500
2901667,2385084
2693709,2017000
3518875,2152667
2364417,1957208
2678292,2078583
13766208,2229958
2743791,1789792
2935250,1912833
2804375,1974958
1470459,363000
2625292,1684792
3391542,2078708
1948083,1359000
996875,536792
2574500,1828875
2678708,2318833
1785584,1138584
3036959,2456000
4421166,2868875
3175000,2308709
2366708,1757750
4242708,3801708
1325500,745291
3519791,2052083
3483292,2834125
3831333,2597375
2481292,1915208
2877541,2238750
3626042,2935583
3939458,2881291
4090291,2819458
2985458,2182042
2366958,1653000
2688416,1808500
2327791,1550166
2732791,1969958
1479167,1099458
1783750,1259583
1853750,1412458
3066292,2653500
3771417,2231500
2444917,1659333
1921583,1063708
1998542,1481042
1315959,737167
1807959,1444666
1092709,805083
2295500,1365792
1007875,733250
1578750,1320500
1666208,1059959
1848625,1577083
1642375,1259791
1665917,833958
1877083,1339833
1346625,710875
1080125,613875
1540625,1023208
3381000,2994417
3061334,2507833
1387750,915625
2603125,1930416
1695250,1121333
1556000,1109667
5119500,4710083
2324125,1638083
3059709,2208750
2097334,1551708
2252875,1713084
1589250,1041041
1535000,1322459
1090875,623250
1324416,666541
3013084,2259291
4660917,1766333
4235042,2140667
3928625,2820375
4138000,2303042
1884333,808250
1005500,723625
2098209,1490583
3094709,2414583
5788750,5335416
2454583,1418000
4878458,2725708
9595292,8646125
3756542,2518417
3873875,3147625
4256042,3142417
18728792,2598250
4923000,3710834
2223833,1670167
2392250,1834667
2700916,736458
4221250,3365333
4043750,2005500
4519541,2532750
2202833,1229500
2079667,1375083
2900792,1301333
2331209,1432333
7170958,6759666
8505792,4388541
6637875,4758834
5921917,4286708
2837833,1005208
12292708,3754583
5408167,4276583
4241959,2618875
3547792,2023375
6134083,4203833
8670458,7696708
13936625,6384583
28858666,21840542
25988625,4309375
22721667,7078875
15461833,11978458
14245084,7382708
15657625,2626125
3508417,2821250
23048042,2868375
8386208,5978625
11751500,7162000
10720542,8500500
5696875,4551166
5916708,4526792
14853208,5375167
22114041,5396417
28748875,2162458
6305417,4057416
7002250,5852292
3110583,2645375
25625708,9017583
52630042,3140459
24657000,3641042
55455291,8605500
17704917,9616375
20848041,3611583
17515666,2300958
18561875,2516500
8601667,2742708
14583541,4632583
16254458,3729333
13323875,3955458
1328958,612459
23997375,2413125
3068541,2296833
28901625,2281000
12299458,3782250
12184458,2806042
12234458,2328459
11876125,2126000
12075583,1969041
14489083,3833208
14309583,6183875
6321583,3903375
3618875,1869791
3258000,2059666
7610500,2284417
9092334,2524333
9727125,1816500
14129625,3572167
11868666,3246042
11942458,1766375
7565958,2151167
6989500,2130708
3217625,1669292
6668542,3899583
12991333,1163375
11912209,1958958
9391958,2009625
6715917,1878125
8046500,2080250
21537958,5767625
2234334,1147958
7342875,988958
6296417,1878208
7220958,1901417
7763292,2303667
10089541,5543250
11295541,6185750
18554917,2106583
3428042,2595500
15657542,2805084
14291166,2532375
15255417,2470625
11327708,4479083
5516250,3376542
11031542,5669459
10364583,5128083
10817125,5483750
15096250,4290084
18330125,610709
19164334,1900625
17103583,1474709
17639958,2022250
17760334,1586500
22320000,1157958
18297000,2884042
10306583,2476750
13261833,3710750
12603000,3081250
2945709,1874958
12987958,1658791
13649792,1825167
1483000,560667
2446833,1965209
4411334,2912417
11392708,6649250
33549667,6937500
31292417,2138208
18488542,1347333
15004459,1897375
17139042,3620792
18137417,6367375
17645459,6391375
3410709,2750458
3729459,2995875
9566750,5132166
14892042,6853542
11804625,5403250
11403250,5457458
14416333,3376042
19983583,3538708
12614792,3703000
19437667,10589292
20607292,2116542
24110875,4565041
47650917,6514000
34748750,2320250
10403709,9911875
25413209,5279500
32935375,7098250
27207167,5188791
7853417,5220375
31648917,8309625
9712333,8154458
9491416,4275000
25739250,3649125
17976375,3119958
22528958,4381916
5083583,4785250
6348917,5134667
40463875,7865834
12824459,10389625
8035666,4019958
54220417,5619792
39171959,3065417
3771291,2881875
41235250,2196917
24402041,1559667
76251083,2663000
101850375,2578542
19454292,5239875
21078750,3627208
47664750,4921750
21457625,1540459
21277292,2415834
20539000,1334584
20419875,2853958
20499834,2907250
21843208,3709333
22412042,5874875
15263833,1684416
19069500,3568834
21561125,2208208
39220000,2521792
22085833,2403250
21386917,3115458
24832042,3231209
19259708,3689292
22694917,5623958
20676917,1860166
20776917,1536875
35337875,1970583
22291625,3585333
23876958,4366709
5797417,4547875
5141416,4086125
20324542,5658875
5907291,4822833
17895458,2489750
30666084,1443083
35074375,4400583
2542667,1962917
21089791,1892042
73166167,1852083
20983250,1810166
2653125,2052709
20322083,5884250
20466375,4434625
38022250,5290500
21533625,5418958
34673875,1679416
22578250,2411042
21928208,2395834
21180042,4299833
4296625,3531584
24204000,3443416
36264625,3321584
24221250,4001250
4821000,4000333
21862584,3778334
5365167,3953959
27769833,4314084
14823375,3645458
24422208,7579042
9790916,7538208
5231250,4516916
19567167,5266459
53775625,2812000
86200125,2751250
11680000,2897750
9604541,1597959
10493292,3005208
11714375,2021625
2788542,2150333
4291083,3962375
9335375,4178667
45242750,3553125
17302542,3744792
18868625,3269958
18894458,3197834
20504167,2033000
22099416,3046666
22455459,3342375
22780583,3526917
23614958,2971333
4203084,3614959
25335875,3572625
25246834,3842791
18506375,4383167
42960584,4477375
27984167,2828292
28652292,2789083
30122208,2620583
24602750,1766125
2954166,1870084
26273000,3749333
4804458,4315250
39032208,2591042
39139500,1737750
21126000,1462375
21893958,1963458
47554875,1546750
43540291,2976542
23052084,2462041
58793541,1561084
22230250,1369792
23436250,1259792
21009459,943084
21415000,2041708
2344541,1930084
21665542,2032750
17448000,2094666
35069375,2418666
16563583,1847916
3656667,2642125
15799208,2917500
14289708,2734250
21843541,2776083
25017000,2010833
28451375,5253000
24684209,4714417
36401792,3534750
30157583,1392500
30424208,1476709
30492208,3156000
1822958,1147583
46239375,2098791
50331708,4681416
4446250,2320958
29252666,3358583
28880000,1153500
49691375,3533625
26801833,1141500
27166833,1599292
27170750,1408917
28286041,2026417
25470791,2117417
48183083,1677416
24398666,1745166
22092166,2323375
22850708,2794958
18526041,1948209
23322625,3210875
23780416,1361416
23991584,1157917
23261334,998625
1738125,1381625
23281708,1908250
21887208,1858042
83565041,1892208
34247292,3571417
5529833,2509708
2205084,1390458
22685791,4816833
23150292,3714959
43430417,4654125
24413750,2769625
26364333,1529500
25660000,1149750
2510375,2042958
2655542,2130459
38582292,1521167
20886625,951167
1524375,951750
2390917,1523917
21196000,1076000
23072375,4353417
61966709,6309250
16951250,2428875
41236916,2991625
8287833,3133750
46904375,1819709
27849792,2142167
24084792,1995875
25183000,2073834
25781833,2390208
2505875,2202042
3393709,2894125
20171000,325625
20932959,1308125
1297167,918375
1377541,979458
47340959,5850250
48499375,1629917
44828500,1173541
25130917,1094709
24991917,1962333
43011834,3829125
26771416,4409250
27050500,796500
29312584,3150500
30503625,1913459
26246625,991875
1318459,1000917
17501708,3037500
26571500,1324416
25724042,1157458
23161084,1120625
21765917,785334
23861292,1059583
19649291,634250
20342750,563792
20014000,102750
57306041,382125
20899208,512000
18554959,618166
38979959,703750
19846333,1147959
20484125,1144541
20918583,909834
20417417,841041
20427084,834833
20473292,1069125
17731375,601083
18802459,1102708
17160334,773333
17681000,926416
19976375,1814375
789833,520958
17884083,1054500
22268500,3012583
22805084,722625
40117416,882792
23709958,1035250
1085208,849916
23844166,697667
24827209,944958
24569958,901625
24786125,791875
22965000,1144625
19950625,1738750
15217125,794458
20426834,1869916
17643375,2514542
39446166,1842125
17078666,1778375
16098500,1036000
16327125,1075250
16722708,1406291
16456250,1501667
2647250,1676750
16905000,930292
1758792,1396333
17765875,1591000
2277083,1632041
22439834,5415500
22654875,5854541
22448666,7706542
22549625,2319834
22142542,159166
37493958,992083
23304083,1410667
21993584,847541
1580958,1298958
23701667,2544167
39242083,1748375
23619667,2265916
23473084,1623792
26168083,3629333
30982792,2464458
34070250,5091541
35180125,2949041
2345750,960916
37128792,1856541
36336333,2008583
35993041,2035334
36547958,2272625
37108459,1066875
48717792,858417
1341875,984250
44381583,697875
21179500,151250
44624084,1027167
44072667,1030208
22500541,2231375
21558041,1299167
2384666,1749334
21872750,1385375
16751125,130958
19104833,2250375
24686750,1326250
24953875,1337000
25624541,1151584
25822917,1075208
26773292,1590083
27506667,1689042
1864083,1394083
42114542,608500
20939000,621292
21498083,907583
88234042,1171458
39040292,863625
22138875,908417
21119292,676541
1099625,833583
22049791,2936375
19006292,3254375
19029792,3110542
24747750,1424958
25208458,2143291
25234542,1784500
24024750,845959
23978292,1024792
23433958,964625
22945334,873958
23240291,1190625
25208208,5545917
40831208,2678083
24868125,1225708
40558750,1008834
24656125,908000
24949208,830584
40485208,829958
9349125,6233042
24131542,3378459
23611708,2701084
23161583,1372208
633459,261250
23857833,1046666
27712709,4845666
1474166,1195959
23067125,1063458
23633459,1440541
24236625,1772125
24018708,1156500
23848083,714875
929709,724416
1717209,1333000
42697375,5290583
22094042,1189792
20982292,1508209
25868792,5266167
20937583,6025125
23026458,2155291
44183459,2129375
1351667,919791
23141583,1177708
2855167,2537084
29891375,1433833
30299083,1855459
25459583,2304583
51909125,862291
47466875,2298708
33261500,3326917
28468958,2531458
28033875,3629541
49647458,3533667
27867875,2090750
2104584,1151084
26783083,1739250
1453292,1146583
49411375,1242667
21261750,348917
22200250,1514666
3128583,2776583
45731916,1100417
17549500,1430959
19994834,1974750
19745542,1570125
19859000,2492834
28674416,1459334
29360291,231750
29650458,1209792
28367625,1060709
1619541,1137083
27408416,977083
42764458,1358000
22487459,806041
1293792,1083917
21718375,2158500
2783834,1548208
38153833,1656458
24781209,3052709
23693208,1267792
2948167,1980084
44647541,1734333
46498250,1611500
31381583,4724417
31246500,1184208
32862041,1088334
35968375,7815500
34138000,1042250
35052375,3085375
32240125,2046334
29130875,1782875
1862584,1477125
23788292,1128917
51676417,760459
53024916,636375
21816000,4546333
22898625,509708
24190333,1375834
24982125,1046375
23591500,845959
22037084,887333
49466000,1095708
46352958,948583
1595333,1323792
22206791,1871125
22217000,1956958
2271917,1661125
20481625,5162042
21587458,1205500
16951334,700209
16292083,760667
15411042,318459
22141333,688875
41776625,669625
22651750,755500
21885292,691708
24079250,3054791
23616667,3325583
24414208,1136750
19583167,1422625
25430583,1396584
24665709,972250
25101333,1124375
25029709,1182292
4489875,1101333
23603834,4163000
23486291,832625
45415666,2777042
24429500,1775250
24218709,2024917
1816042,1289083
5479250,5148292
29293834,5469042
23430166,1135250
23332417,1365125
41964000,1253417
2131916,1643958
24689208,1238291
42596500,1106833
21641917,1414167
20087750,1180417
21756250,1966875
20014500,856333
20156834,588125
494334,226333
41418167,646041
1051958,801125
19504375,661875
1773291,1588875
16053417,885833
16400750,838458
19130333,1071083
18845666,1059667
1263125,746000
19059709,886208
17382333,605667
17398875,884333
18733792,2409792
21949292,1394208
26157500,4853083
27755084,3341959
30031750,1936541
3566042,2529750
30986458,2889750
32723292,1251250
32934417,1200834
33658500,1020541
6035167,5433125
5819000,1156333
1579042,1023708
30775792,1546709
71159292,708375
74146958,2827709
33904792,2059125
2464708,1744167
29078209,1854167
79990584,2411209
525083,163750
63284875,1742125
1437458,966417
60975125,724292
948750,604417
1200875,875792
1334000,1108917
28570791,703458
21193209,966708
1204334,950708
48951334,919959
78442834,3419625
22643458,2584417
23448875,2692959
22160375,3284583
53196125,2487792
53102708,797041
78984167,346542
28858209,3828083
4353791,3081167
29112458,3814000
28219208,1663125
4224458,3267459
29347833,1800292
26390916,2321625
24821917,1199625
25726583,1830708
24998292,4291250
50151958,1915208
4038000,3751666
25600000,829542
25598792,889500
988125,814125
23562292,758417
22929292,1040667
21949500,778667
22518667,1311291
21657333,1942250
62917083,2261875
22612750,1016417
942167,730334
22238542,718875
1115083,816625
19931916,994917
45011541,1284375
19732875,1400791
3621083,2684292
22090666,2643792
5464958,3414750
25781916,5810833
24916917,1989625
22614583,1282042
1909916,1446291
1571833,1175833
1437959,1163542
22845000,6118917
43199250,2571166
25957583,3019792
27116542,990583
45555792,1477500
43782542,856458
2118208,1857917
2602625,2100167
25488792,2952166
4014083,2177500
29303667,909708
28946500,837458
23939709,730500
46555041,2905917
21350916,948083
691375,334667
2771458,1318750
21126083,1265125
21143959,1561375
2125000,1862625
131257417,4081500
20563125,2425875
23123625,2504917
42283167,824208
38015083,915542
4855042,4526625
24899833,1649292
24112708,1710500
23519084,748417
21647750,755917
21204041,594583
41554417,2660625
24631209,1789083
42300250,948833
25456583,1042875
77284000,1235458
19276125,947834
41309917,741250
25384666,908042
24893375,511084
25610166,682000
854667,633625
914333,605417
21190167,1444250
17562500,1052791
23132333,1839417
45772959,2328291
24617666,693292
24347709,877500
23782000,780292
1638917,1454542
24397500,1749417
41308833,980250
41284416,990833
24493542,824334
24626792,1057417
28377583,3717708
27241542,2772542
22950083,1679750
2098958,1704041
20107625,834792
20784625,1325167
40888500,1187792
19643333,1281333
24368666,4822167
5203834,4825958
24318375,1306500
24349792,906959
23558542,1020625
23414250,969375
14033541,1908833
1889334,1631292
14747375,2808833
20635541,2623292
22558583,3842791
22484583,3746500
22473750,3531791
24096792,1238625
1676041,1375750
2661542,2078708
20605791,1065667
25407583,2023250
26690750,1052834
38495792,904250
25916250,942833
24926667,1134250
24964792,1028583
25018750,1404666
41991834,816125
2360041,1870792
28000708,3717667
27790875,3156000
1722791,1258500
24212583,2674000
24332959,1396750
24496084,1453292
24404083,1031583
27401542,4718042
1700375,1264250
21961667,2195625
21932458,2214292
61605583,1015125
44106833,1207542
42844042,1370875
3640417,1585208
21828583,1617917
19299375,2137041
18604291,247042
4434291,3657417
19910250,582083
1383250,852709
1156208,913000
1271500,952834
16648666,792959
21355459,7302875
22623500,1390583
24520250,2947083
26611542,4805917
31313750,4489042
72289541,2259292
47045958,1415083
1884000,1438167
50639583,3330417
35069292,3545875
33069084,1852625
28097583,1501292
47162917,947708
17924125,1614459
48159417,1120500
1354458,783708
1725583,1191500
49398333,1158792
50105125,1387875
4259000,2329417
15828292,873833
16890542,922958
16999834,1024166
19779875,1456625
19816875,1427125
20536000,964084
20535542,737416
21272833,698542
68854417,647541
22396500,1125083
22828917,1970417
24856709,1478917
42945666,4366458
25013292,3630958
25337250,3826792
24617167,592417
27736708,2110208
2250917,1678041
27119750,868916
27395083,1085625
48258708,779708
23233666,858875
22024250,935167
22142375,1029459
42058791,814750
41437542,811292
17833458,2012208
44206417,2724375
18767000,1629166
15681708,132416
17748166,814416
891792,690875
1068833,764167
17097125,2246416
18053458,1439625
20516417,2304416
19261917,1706500
20503583,2025750
1774958,1443042
21669167,2816375
22613875,4227083
21233083,1504667
2947083,1413916
22964000,1169125
22941750,158666
1018917,725791
21878709,949250
20352250,2290083
37134625,2489792
19447500,1245709
35726125,2441959
3365333,2653291
20954583,2250375
17476417,890209
20476417,1889459
41780125,1055458
24546083,1723542
1874250,1546625
24733833,1917916
21342833,998708
19896209,928625
3569541,1454667
25102792,2168667
22923042,849792
24025334,2001666
21527250,1676208
41408500,1409042
1551167,1115542
1647167,1402000
23655458,2964000
3659084,1340750
22142417,1489084
1569208,1063791
22078875,1410833
2320125,1769875
21626917,1002167
1173750,976333
22336500,1485958
20057541,1076708
3914583,3635583
42065958,720750
78529125,537167
19509250,526250
59823042,1856417
21949333,2736167
43207583,1028500
22881167,1126875
22817167,734000
42685792,637166
21460334,942500
19292708,552458
22741667,1508167
898834,584792
1276250,855875
19979833,924709
20468084,1600750
16474500,916250
18111583,1224125
16042875,599583
16275500,493459
16702500,684875
1029792,702750
423625,222625
16696625,576917
16880667,773042
13879959,698458
18339208,549459
37383208,2996291
4815667,2809542
18931167,2123625
18658209,2320958
3410125,1994291
2077583,1374000
17974875,252292
1859416,1397750
19139875,1245542
1280750,879625
15441167,900708
4391584,4070792
5348500,4065750
19576458,1502709
35184042,1119625
52208583,1799416
20809083,270125
21115459,834000
37900250,1009084
21121459,974541
20859875,1284167
20862875,641209
21466958,955625
4637459,4419875
19383041,3528792
7139208,4979083
5052291,4080500
22797834,3942000
21126750,1915208
21582500,673667
1317875,895625
24367334,1735083
2860750,2354291
1557083,1158083
1392208,930333
26393625,890333
1471459,1093166
1423250,923958
33793875,828500
15728625,775125
753375,481208
32230084,764917
13918709,967583
14779708,711375
32713958,417792
58490292,724041
36061667,652917
21993542,769583
22480458,488250
23410500,439958
24571208,2181333
23872000,584042
23779959,460333
535250,365792
21660083,456666
32753250,572500
4575334,4335041
18166000,3429666
18313208,419875
12070792,454500
968500,795250
38386500,405625
17621375,372125
17952250,389625
39338625,1097417
1321209,996417
20473125,1238500
20536792,904042
19946000,592958
16946667,778542
1242708,917084
19494875,2709125
1130666,603417
23421833,615375
23970750,732000
24400917,577875
755084,519750
22131584,431666
22631334,376041
614417,451167
21475459,563958
24788875,343083
57786625,3975541
23479542,839292
3548334,2110000
43128292,22555875
30720667,1685875
30677292,2626625
54003625,2689625
3243916,2329125
3824250,2424542
31690125,1871041
6016209,4743042
5685916,5392833
30525917,3594708
71886333,6102041
48789167,1245792
24820167,5381042
51811125,2639500
6610542,6267209
58904000,2772917
30732083,4059000
32748125,3076459
3983500,3005125
27857000,2528292
3326167,1912125
1640166,1396625
1472375,1147500
44147500,200792
3025750,2788792
44510625,3003917
45532834,1598500
20719375,2886208
2939500,2258500
1486541,825792
39207000,3635083
44186792,5038166
42951916,2209500
23112834,3111042
21695708,857875
20148875,966583
965417,666834
6242750,5790917
24222791,1216625
24598500,1498542
37238750,1213292
27144959,4254500
25420125,6102084
29143209,6462500
29537875,3226709
46975542,2605167
27847000,4393708
51056709,4671958
30366875,2452792
30559208,3088333
28921084,613000
33200708,5760375
79475750,2080083
40436958,2062875
35087208,1580416
39412000,1132959
36144417,704833
36243917,671667
32972792,1102042
32678666,639542
31025000,755292
25111875,634792
554000,411541
76363292,566417
23375209,1143292
58863875,1443833
25181542,655084
25756500,1159750
25888542,872542
25877959,641875
28871417,2754500
28686875,1107625
28785291,880959
833542,645292
78276292,661583
42722167,620583
22204250,722458
22861708,971458
1105459,835333
20103000,1016875
20715750,1220792
17541250,666250
40419625,831541
20515166,656667
23990375,683333
408459,133750
25080292,673208
24370417,725250
62888708,1040958
1442625,847208
38144708,582166
709417,544167
19209542,594500
18141375,618125
34457041,639167
1919959,1686167
18449250,890708
1394583,858292
1704500,1437125
13894958,2337000
39853333,4289542
4343500,3905125
16169417,197500
19239125,2081583
18659292,717667
18656542,772417
20439541,1015208
20207125,804792
1055791,846291
33206791,801000
23094709,5121417
6587250,4096041
57420166,4179667
45709875,3391042
28762000,2458000
27460125,1577958
28814125,5157958
31650834,5976375
48147042,4620166
48677791,724750
2228250,1315750
31309833,2407459
52505458,3661584
83713834,2642792
30085084,1591500
27922667,1605417
29452916,2487541
28595250,1218791
23919583,754834
900542,640459
18874958,1669209
18821667,1474042
46148292,2694625
3375209,1265375
2161917,1552583
20320917,2268666
16878708,439084
12792292,583083
21215875,9451583
25042875,9611166
21535625,4327709
24044375,2868292
4214583,3205708
26417250,4672875
34462000,4658750
35111708,5377625
35533416,1735250
36107833,1877542
3082667,2208500
38030958,3761500
5062792,2817792
56437750,4476708
36379959,3569125
31665375,3522292
29035959,1848208
65200333,1745667
32010209,1517208
31430167,1433958
31816292,1417167
63697542,1700500
2230166,1679250
58542583,1569417
24898584,700458
1038875,711333
1075292,568042
19457583,3162667
21682583,1392834
22533208,2190792
21388166,1313750
20561541,1023250
30282709,4487041
46146417,4839541
49283250,7741542
30758667,2323500
32870709,3351833
33098333,3032875
7010958,6216666
34420542,5189166
35103541,1411834
35032875,1159584
1671667,1306000
51013292,1584375
27648625,6657916
26541708,758000
26273625,890250
25191500,912041
48916375,950334
1533083,1279917
19246917,1509709
3582250,2269542
24309333,1590042
25015833,1844083
25913333,1396500
27031708,2521083
3656666,3264083
2512000,2222292
47241625,2252791
23313375,2319375
23683250,2195750
24832375,1755791
2496292,2167458
22586375,195542
5222708,4889375
24194542,1596833
43326166,1964625
25021458,2497458
24516000,1987417
23309250,1888416
2076250,1033166
47111583,1486625
22486958,1467834
1736250,1210834
5458542,5046125
23425375,1088417
36426250,575625
38621541,3106791
20438959,1126833
17230417,1100792
39040458,803667
15608500,254709
16931167,1086916
4245917,3859666
22043541,1869250
23017958,1734458
4387083,3248750
24755125,4106625
22298084,1580625
2303833,1418792
23541125,1911042
2235208,1516000
4296250,4074417
63256542,2824833
28995417,3807333
29954542,3519417
30307917,2585708
2480583,1290708
28630583,1626917
26595792,2088333
2113000,1790416
24558917,1327334
3769875,3326959
24436833,5325125
1595916,1109833
46903458,1588666
26300333,1974458
23903333,1575292
49802958,3646958
28878458,4333458
28791417,1245417
28464917,831875
27988041,926208
1112083,830292
28759208,1505667
25887708,1102417
3357208,2597542
43809042,3120541
2774042,1214417
1584292,1191542
19447875,1309083
17396541,965209
20654208,1613209
21553417,1762042
22525750,2949000
63390083,2929667
23212875,1389667
3083417,2693375
25540667,3970833
25587292,2555542
24742292,2095167
31296917,6449667
31419708,2757583
52124417,2247291
32864166,2148750
75796083,5943625
2169292,1719458
35376333,1789917
34459125,1772542
31689625,1610291
56522417,3870375
32124166,2300625
3329250,2900166
29079541,2653500
29020209,1325833
55422834,1469167
55964208,2021708
28971375,2185083
52877000,2889458
20229375,1560541
20279875,1352625
21175333,1289500
21590625,1438709
19807500,1598500
22370875,1949667
20250709,1602458
11540875,2397875
14261709,2612959
9828875,2370625
9627958,1312917
4385500,740542
2999291,2431416
2478458,2097292
2920500,2183916
18095750,1135416
18565167,1239875
19787750,945708
18664500,1196958
24855542,959792
24306417,834250
24766084,733500
25391542,733084
25189916,732583
25223375,589958
25696292,1152250
26220292,931375
26443042,996625
25166292,569250
23180875,577375
26079208,5096917
25919833,1099292
25681959,976959
25774791,914834
4923084,4567792
4818667,4458583
23236208,1242958
1968833,1301916
23147334,1118292
23166417,1142583
20329667,191625
533084,293291
20917834,849167
20926791,786625
1397791,1150584
1999875,1564250
2232334,1856125
16673125,3039333
4367791,3934458
6164583,4455417
23140292,1560458
41845250,2974667
20881750,2396958
45335833,2779459
1082584,169584
28300291,1611834
45152000,1643416
30797000,3388458
3687458,2864875
42505333,582250
29042417,965541
24801584,760583
26073917,1600500
47792542,3061917
48031000,936292
30036208,4344834
2077708,902167
24091958,1378416
51063917,1610166
26095125,1525625
25383833,1541708
26448333,2250084
23470916,2693416
4458417,3921500
3960208,2210625
47345750,1567917
25398875,796625
45153958,1262958
24494583,953792
25351417,1577167
26897875,1587459
28846709,2727083
50058250,3031083
30972750,2109333
30977917,1417750
1054167,733083
31745625,943666
32720625,1073250
27156708,1201791
1619459,1192416
69069917,784875
51441958,957417
1208083,950625
26511667,1267166
26770583,720459
74531834,1432583
51290125,1484000
23887375,754125
870125,647250
28385542,1088000
28328417,831917
28675333,745208
54394958,561917
873417,556125
26717583,501917
807417,630125
20481875,638791
1051125,833791
22519333,1734416
20118542,721084
18304125,1245708
113768375,3304625
20501834,1698708
15662208,411708
24057250,1355541
66709917,1319959
24823042,1326167
25629708,1431417
25449750,1644625
25476666,1673250
25004250,1283917
25856375,1913583
1739459,600000
2738417,2218000
1188583,583500
23743125,1540000
20113416,1451083
20937375,2368708
2872708,2465667
36879125,2590000
1764000,683458
22028375,1937500
23016750,1464417
22711291,1763167
1827209,1208625
22520708,2184209
1624583,1187208
20959208,988708
20894042,1190375
21509333,856916
20296417,734125
18212000,129542
37417042,542666
25433041,1889166
65825667,493042
23706250,692541
27898041,1126209
27676166,782167
27609125,771542
1131417,863333
28065291,1181208
27517292,1115250
1413000,1125750
26719167,1146375
1472417,1013250
1225209,935541
21175000,1715208
23480250,3359500
48725083,715625
24113625,4652375
48838167,1272583
608791,488500
28283709,768958
28703042,524709
30131917,1135584
27994834,877958
44475791,996500
803583,592458
64610583,597041
19619709,633625
20174458,604833
38496417,749500
16192750,694750
18013792,2281958
18181792,1715584
18209083,1026500
17764333,1544250
32380417,696417
32042375,689041
32794875,1328708
31163917,1529041
28487333,898500
42582792,613042
847875,633750
25128958,491458
24353708,466666
766000,634500
43955917,693000
44058375,506084
13946208,357084
18735583,783250
18277500,499875
20088709,537542
20296959,1082208
20739333,676125
60944500,1222959
59361750,598292
21361667,1530625
21366042,2744250
20418750,810042
21219625,477834
2651291,1871750
24400209,1560708
24882875,3236250
26270125,1694375
24527167,1164584
1789334,1452792
25093666,1401416
25039375,2007750
25364250,2050125
2201500,1413750
25639458,1525583
20859333,1304000
5700417,5249292
2074792,1706041
24409542,4660125
21961125,1270166
63782417,1305250
22093292,2124084
20235041,1900291
2355666,2058917
22142000,1638958
22046708,1555416
2058041,1708125
22004709,176125
43694750,1473500
38213791,1190792
18968041,1057709
6480500,3557583
20440417,880292
623291,284209
25471541,799750
66013750,816750
44019750,739417
23782750,684209
23600041,1041666
23922833,1066875
24220750,1128875
24730583,1406166
3619334,3172417
26628292,2085292
43663000,822166
1706208,1427292
28367542,2641458
2409042,1906375
2773041,2216875
1632292,1053000
29371875,1015834
27897625,907459
28595791,1062167
28646125,1219583
51174958,875208
28715458,1092125
27424083,1624375
27249541,1920792
27590875,2282875
52196291,4764042
30727416,4385209
65209250,963458
43718458,1719667
15223209,1954541
18210084,5731750
16196500,353583
17086917,859209
41199584,674833
43548125,3425583
25498083,2323792
24882333,694500
25558959,848750
25550750,636167
26298792,849125
1029750,745708
27007541,627667
26942583,554333
1093333,820708
29684083,2410833
28007333,2547291
2821375,1848458
4981625,3899042
29877833,2239084
28596250,1223459
28141834,974834
52847833,1105708
1105667,800291
53407375,1122292
27251750,957042
1538084,1111083
26535125,854500
26382833,1066792
29969541,4218958
30403750,4278750
49918166,720292
27982750,1798625
57755959,4681333
31344792,2029958
84243250,896208
30383500,661542
30665958,863417
30964958,907333
33040250,2994375
30738458,794416
29164334,968167
54331917,856458
26986917,1082625
1563042,1215542
21306250,931167
6828542,5748417
4627375,2223833
19667250,2495166
5937834,2883709
22850041,2608583
22530541,587792
23418667,322833
23627667,734167
24331708,982083
29486625,4069125
29294792,4883583
30424458,1036792
42244000,1102125
1452917,1212000
38347083,862000
1245000,1036959
43513959,718792
25313833,832959
23065208,1045667
23453959,1767750
23815459,1613042
25310792,1144042
25019583,265000
24797625,947083
2149333,1639333
2112666,1709708
21881833,2003500
23135417,3390875
28155292,3394167
29295375,4463458
24475125,1764709
23314708,1178834
24259291,1397125
24051166,3239292
24516625,1201750
2107625,1726833
20762083,143667
22578125,1149791
40697292,890167
22042333,970958
21217375,631958
60961125,567834
20194458,679875
21066708,1485333
20543625,840042
20899167,739417
1369833,1102959
1565375,1328250
4604084,4083958
26058084,4621708
24550750,2613292
25307375,2855334
26299958,2157083
2069875,1492959
2311750,1542667
26286458,1647750
26599458,1466875
26443917,1488667
1632250,1101000
1564375,986500
1015417,777958
18807000,1472417
34727792,677042
1548417,742750
15200250,593042
946750,711708
14815208,546792
40360625,592917
14541916,663458
4186417,3845625
18609625,4605459
20302250,1890041
56654959,3016208
21104708,2975000
21590834,1945125
54603083,2546334
22104583,2164917
23197458,2704292
23047458,2327375
2069375,1729125
3205834,2388291
18483167,840041
1011750,688792
1625625,1332291
4376333,4018500
4677541,1391000
17794417,1946792
20170375,1519459
19567042,1350833
19421167,1503583
21248333,2064167
2130666,1563875
26421625,1593375
29036583,861333
45141084,846208
29307583,890000
1701833,1287500
27808375,2608292
26852541,2775167
26770125,2094167
25240125,2107500
2557625,2198208
1761750,1004458
1234584,825833
21199083,797625
39428583,966708
3514334,3156833
18629667,3244459
3686750,3229833
15986917,356875
2679416,2374959
17502041,1226333
17633708,1142250
2312583,1897416
76148625,948375
38738958,987500
19413208,773375
19681791,1098791
2561084,1867042
21788666,790667
22021708,1269541
37780500,1837791
23109500,2248667
22404458,1028750
22789875,1231750
21818875,957708
60383750,1683667
2725708,2451666
22169709,1411042
46883792,2221791
26451250,2021125
25788667,2163292
26441208,1368792
26289917,1361875
1640792,1073625
19489667,1134458
22475500,3680167
4407708,4035958
22778708,1462666
4205083,3677208
44314959,4067125
23656000,1297292
24828542,3195291
22450250,2777334
23837667,4621708
26003708,1285458
27359208,2532917
43675167,1267292
63430625,951083
22127292,781958
24994167,2898125
25518417,982208
28337166,3265208
25930000,4048250
26117959,7390333
3340625,933833
24984291,831459
22956375,522875
1787250,1192667
23449708,1109083
29564125,7199208
5772458,1194958
28080000,1233583
29245791,1642750
26265667,1103166
1232625,766041
1155500,759291
66008000,911000
22678167,2485542
23040041,2194417
44251041,2171750
25457041,1088833
25164625,7024333
45744875,1204958
70512125,5583500
26541541,5783875
1058416,579792
26375292,1490791
26668666,1191750
25985125,862084
23294333,829041
1698375,1236000
1637666,1455042
23880334,1663750
20493125,1557583
38274667,931709
1297250,1006250
1644417,1200208
17468041,3610834
4986750,4749458
21231958,6031500
5064542,1261625
18374875,2604708
4597167,4209500
40331125,2987417
1718417,1333541
23331583,1822792
25457125,1833208
26572291,1696875
25024125,1840084
36928708,1138292
38309416,3598167
27999791,951625
24104750,1342000
44577750,1823834
44245250,2171666
23825417,2122083
23263583,1534000
28692166,758125
29761208,1541166
28522333,911625
29992083,1815542
30340500,2719167
27144375,2055750
31274458,905458
28255166,961916
29477667,1497833
28739042,1599084
29950584,2298875
6516000,5445625
27457292,1845959
26272750,1697041
27950042,1892417
24439250,940417
15840375,1100542
16853250,1750500
19690416,3846166
14456625,3150792
39270750,1972000
32377250,5830708
40362750,3204417
23399792,1813417
23765917,842000
24237583,873250
24019458,112750
24169125,452333
24520583,485459
24670583,512042
764041,579250
25407875,2071708
1323042,1011958
38029917,640750
20062750,1079875
20042625,5212750
20620458,4214542
22086042,220709
23417083,868083
23880041,995375
23704792,1209208
24143000,1029334
37129625,1199500
24078500,988084
25575333,2817542
22700083,1104208
24247125,976541
24586500,1891125
27795125,101667
27918875,4588875
28041667,880583
27318125,968750
31231667,3942041
29604083,1855625
44898916,991125
30354417,6105833
30130333,649916
29630750,738750
2816833,2504875
27639875,3633208
27611125,4248708
29858959,3365083
25906125,1933750
27631833,1708167
26411459,2494750
1671292,1133791
25192833,1709417
67927167,1724875
27885375,4614833
74158375,1201625
47624375,930625
24630375,865875
24715584,1130000
29750292,1441583
27966958,552250
29152625,999292
27858708,720375
26433583,894791
21640750,1239666
23465250,500042
23496291,645959
982708,662083
18937125,561000
20203375,1051042
18543750,1028709
17092750,1195667
43543166,1030583
18892000,452084
19435458,660459
19903167,451792
1956625,1213333
17966833,1543667
21912791,1047291
21908875,1902584
21186417,1553542
20584208,1084083
20479000,2051834
19042583,618042
18795667,1281708
19725916,1618375
36860333,527959
16554708,675792
1062917,810500
2707334,2557208
17581541,1148083
2373875,1997250
17133459,1585666
17461208,1285416
17198875,532208
15965708,671375
16024500,647959
32353250,600459
18233375,697875
18973833,675042
530791,102083
17833083,658208
19954042,784541
35274250,604084
19811583,779833
19695666,579375
19718333,291667
19743458,613750
19554292,711417
19362500,644875
18921584,748292
1071167,884666
15837083,1108709
32730834,230875
926208,652042
15238958,823875
1730125,808833
3485417,1592583
14435083,2492375
2190125,1763333
16761750,913500
18865333,1433666
19176333,655875
18493958,565833
19438083,1137625
24744958,5491708
24049542,529958
34387458,497125
33863625,958375
18501875,668708
20613541,907583
19995083,699417
41592500,4081708
23776542,674458
1017250,776542
55543000,813833
18595583,774875
1263167,1023291
17527000,1030583
15836542,546583
17297083,730166
5451583,4238750
19930833,1341416
19865916,1161333
34326709,1074250
15866125,616458
1035584,505750
16062542,501333
31236541,499625
874083,599417
1461584,1271875
16536709,1002166
2439500,1828542
14846125,1096125
780833,553250
19164625,514625
19471125,389083
34328291,363208
555625,370417
19484916,821375
19277333,562291
19538541,622875
34112250,642500
17969542,182541
65978625,668750
15632708,723834
13126250,366875
15111833,2480500
19039458,733292
20377208,1103958
20423958,752750
20813583,952500
21126875,547416
21173417,407959
18734833,836125
1009834,715334
297250,100500
16014292,335750
615167,482833
14039541,705833
14556000,397083
14743500,425792
35146708,511333
14925208,639791
31738125,982709
918750,571458
17926125,1922791
19761333,1429500
17894166,2908417
3745166,3281542
20968500,696583
21315167,940959
34638417,560334
20978084,524667
704917,466625
33847250,546250
1186500,915291
17762416,1765917
20073917,103375
19073500,405542
17103917,4153667
3939333,2952292
21265500,1522958
40483167,1468333
21700792,1171292
22489000,1478375
21913167,676834
1474250,1232875
457208,141667
21106583,1075375
731834,505000
20001000,910083
15384042,702000
3003875,2684916
2816375,2495375
3804541,3574292
2390375,1441875
2526917,1844167
50454667,1702208
18192375,4635541
19772958,2410542
2207250,1415250
33775916,1241708
25873458,622041
29755167,604667
28172041,524292
27240000,846333
46278834,957917
29294500,1067208
29024000,1113250
28082709,661125
48613000,496125
22726667,352625
46142542,565625
46720541,729583
47291667,1002875
1431416,996333
3581084,3225291
20976667,2992792
21144875,222584
957959,754541
16948250,1152792
20994416,1810166
980875,653041
21055917,632542
21810917,725875
21911791,910417
24500416,2566375
2018417,911209
26553584,724625
38274292,923917
1224416,906375
22984334,906666
20454584,1095667
39252209,988667
1313791,992500
38763375,935125
1276667,903375
18415208,809292
18722042,674834
18456083,754250
33210042,724084
14951416,1161583
12564750,1102375
12648084,774500
12921041,1011292
12844459,938875
12421875,837667
931625,679083
13250458,905750
13636708,1063958
15683000,1729917
15905416,1518375
27098875,1056958
15389667,1123583
27472917,1403834
30327667,3109166
40013750,2466291
40319500,1615291
28722166,1714333
29188417,194625
1150500,829333
25778000,1036291
19789000,760125
20908542,1629250
2070417,1761500
20968042,370208
24034291,3419375
24702750,3642333
48429708,2429125
754125,345250
22184792,2052292
23057416,1832584
22310750,1223416
2787417,1150417
41519000,5287625
23016042,979000
22964125,808833
23979042,994416
1502875,1223625
1864375,1522666
71221375,1120167
1261875,778042
17286250,1254167
20519875,5740958
20606417,2932750
18089542,2186291
16509542,1185625
701292,312375
52410667,1053709
1541625,1168375
14056958,932667
14536458,1052041
1124333,760958
2269417,1922333
15732625,1915416
2610958,1836875
11274333,1993875
44432792,3439334
18424875,1022916
1811167,1181625
1064000,764875
5743625,4152458
22769167,1056000
21825166,1284125
29745417,877917
47493250,580500
18427500,2038709
1818792,897500
939292,772667
36834375,817541
35903250,760750
15517292,774291
1147875,936209
14641625,645208
13960458,595709
856708,627792
16618000,5948541
14828458,462500
48903417,716292
1206458,876000
1093583,861917
1703333,1014375
13289042,811625
14147958,912291
26915125,1527208
13841667,662625
18604125,1502292
63069667,996292
15029000,587167
829792,693000
30518541,749000
16980292,808792
17884250,1053250
15940584,2149250
33708458,501834
31190333,459416
15493000,787125
16855833,1120417
47391042,557709
17266417,567875
19763250,1238750
33056167,963750
15698959,547000
15512458,594541
17962166,662000
17745291,837209
17819666,1103500
26984375,788917
13488792,1633917
16021083,4417125
4400334,1645625
16165000,637000
1256875,930167
11382584,852417
26741625,661000
13316667,2591166
14128416,1981958
16106750,1785666
28559208,2546792
16180125,2203375
16319042,2104209
15796583,569792
16473000,916792
16553292,1458708
14263625,859750
15593916,2544458
1456166,1041750
15675208,1686167
15054084,1006292
15475458,1392500
16120000,818750
15940125,781625
16137708,555209
764292,572750
15938250,450042
742333,608916
25953792,478208
999083,666417
13361583,1022833
15294750,1775375
15170125,954375
14536916,137584
29708250,1075334
15751333,1712000
22734958,737792
16413000,1034042
17609250,809750
15847167,2133084
2868250,2548209
17763167,2105042
20070292,2050291
20029541,2013375
42914625,1930625
20483583,1628125
1468833,1314667
4133208,3673625
16553084,1099167
16434416,1056666
32784167,1523417
1956958,1620500
1144750,887625
19110041,999458
33475916,1087625
18616208,1021833
1249959,926458
18636750,977458
1548292,1003333
1339292,864833
13472958,1158250
54668334,793083
1788875,1419208
8431208,1300875
7950375,1040000
1090542,905708
4312250,1268209
18678208,5786750
19588250,1127750
932375,621291
19864667,561750
19223000,606167
18459625,577500
23784250,640834
17180875,577833
1404833,1253833
31227000,420250
31624167,327042
13280917,345167
13775958,643375
14227250,396708
13905000,352083
27260667,592125
14775166,332458
14057916,343416
10377250,337875
16696708,693667
17039333,1195750
16906708,624375
29906792,608084
16909959,615334
17180542,884417
17526125,988542
16703667,719417
16785875,818541
15553041,150542
1052042,785709
12970208,1126792
13563084,1217792
14988792,1314041
29971042,741458
14441959,1153375
14204667,829083
13957333,927666
13583250,515833
14979250,727292
25967458,1012334
15178042,858458
12532833,514625
12571625,497167
13429125,833833
13818791,350833
15432125,1256375
14401333,773750
11418416,1289292
10737667,625167
13222375,3276375
15108125,562000
15095750,537709
14890334,1064166
14610459,998416
13400625,942375
17787458,1121792
15369208,1397834
13810167,2185625
12795375,966791
13219334,1046959
12153459,1386833
14882250,818167
12636416,595791
13527541,637584
16603541,2706750
16764125,1142959
16221083,575917
16826084,1009458
14265917,1605625
13146959,3516875
9475583,698167
11846000,2823208
11499375,693667
12155833,1188709
11713417,562875
20560625,1925792
10587792,2375167
11630833,4339583
11399375,693459
13533000,1510125
13696500,858458
12139250,536042
11280916,534667
11763959,604959
10667250,2115792
10208250,633416
10615334,899250
10092333,276375
10812625,549667
12516917,3511750
11962333,1582291
11868583,1236000
6769500,1675917
6541708,1124167
10433250,704666
11232250,1424292
9783000,833083
9488000,618417
5091750,3582625
4883500,793834
5208125,913458
4864166,177375
8967667,1290083
8438708,725958
8863042,740167
9142458,1030458
915709,714125
1815792,1200459
970166,395000
650625,541292
473625,370042
664459,434459
659000,505209
615958,461542
620708,474875
441000,337125
532000,424167
890292,602791
446542,335375
1193834,1083125
677667,572833
1303667,1098708
527084,371833
607375,449667
821916,719750
510375,388083
471250,372833
